time relative to tcryst: 583530735.1363963 years
r/r_wd                        B/B0
0.000820344544708778          1.00000000000006              
0.00164068908941756           1.00000000000006              
0.00246103363412633           1.00000000000006              
0.00328137817883511           1.00000000000006              
0.00410172272354389           1.00000000000006              
0.00492206726825267           1.00000000000006              
0.00574241181296144           1.00000000000006              
0.00656275635767022           1.00000000000006              
0.007383100902379             1.00000000000006              
0.00820344544708778           1.00000000000006              
0.00902378999179656           1.00000000000006              
0.00984413453650533           1.00000000000006              
0.0106644790812141            1.00000000000006              
0.0114848236259229            1.00000000000006              
0.0123051681706317            1.00000000000006              
0.0131255127153404            1.00000000000006              
0.0139458572600492            1.00000000000006              
0.014766201804758             1.00000000000006              
0.0155865463494668            1.00000000000006              
0.0164068908941756            1.00000000000006              
0.0172272354388843            1.00000000000006              
0.0180475799835931            1.00000000000006              
0.0188679245283019            1.00000000000006              
0.0196882690730107            1.00000000000006              
0.0205086136177194            1.00000000000006              
0.0213289581624282            1.00000000000006              
0.022149302707137             1.00000000000006              
0.0229696472518458            1.00000000000006              
0.0237899917965546            1.00000000000006              
0.0246103363412633            1.00000000000006              
0.0254306808859721            1.00000000000006              
0.0262510254306809            1.00000000000006              
0.0270713699753897            1.00000000000006              
0.0278917145200984            1.00000000000006              
0.0287120590648072            1.00000000000005              
0.029532403609516             1.00000000000005              
0.0303527481542248            1.00000000000005              
0.0311730926989336            1.00000000000004              
0.0319934372436423            1.00000000000005              
0.0328137817883511            1.00000000000005              
0.0336341263330599            1.00000000000005              
0.0344544708777687            1.00000000000005              
0.0352748154224774            1.00000000000005              
0.0360951599671862            1.00000000000005              
0.036915504511895             1.00000000000005              
0.0377358490566038            1.00000000000005              
0.0385561936013126            1.00000000000005              
0.0393765381460213            1.00000000000005              
0.0401968826907301            1.00000000000004              
0.0410172272354389            1.00000000000004              
0.0418375717801477            1.00000000000004              
0.0426579163248564            1.00000000000004              
0.0434782608695652            1.00000000000004              
0.044298605414274             1.00000000000004              
0.0451189499589828            1.00000000000003              
0.0459392945036916            1.00000000000003              
0.0467596390484003            1.00000000000003              
0.0475799835931091            1.00000000000003              
0.0484003281378179            1.00000000000003              
0.0492206726825267            1.00000000000003              
0.0500410172272354            1.00000000000003              
0.0508613617719442            1.00000000000003              
0.051681706316653             1.00000000000003              
0.0525020508613618            1.00000000000003              
0.0533223954060706            1.00000000000003              
0.0541427399507793            1.00000000000004              
0.0549630844954881            1.00000000000003              
0.0557834290401969            1.00000000000003              
0.0566037735849057            1.00000000000002              
0.0574241181296144            1.00000000000002              
0.0582444626743232            1.00000000000002              
0.059064807219032             1.00000000000002              
0.0598851517637408            1.00000000000002              
0.0607054963084496            1.00000000000002              
0.0615258408531583            1.00000000000002              
0.0623461853978671            1.00000000000002              
0.0631665299425759            1.00000000000002              
0.0639868744872847            1.00000000000002              
0.0648072190319934            1.00000000000002              
0.0656275635767022            1.00000000000001              
0.066447908121411             1.00000000000001              
0.0672682526661198            1.00000000000001              
0.0680885972108285            1.00000000000001              
0.0689089417555373            1.00000000000001              
0.0697292863002461            1.00000000000001              
0.0705496308449549            1.00000000000001              
0.0713699753896637            1.00000000000001              
0.0721903199343724            1.00000000000001              
0.0730106644790812            1.00000000000001              
0.07383100902379              1.00000000000001              
0.0746513535684988            1.00000000000001              
0.0754716981132076            1.00000000000001              
0.0762920426579163            1.00000000000001              
0.0771123872026251            1.0                           
0.0779327317473339            1.00000000000001              
0.0787530762920427            1.00000000000001              
0.0795734208367514            1.00000000000001              
0.0803937653814602            1.00000000000001              
0.081214109926169             1.00000000000001              
0.0820344544708778            1.0                           
0.0828547990155866            1.0                           
0.0836751435602953            1.0                           
0.0844954881050041            1.0                           
0.0853158326497129            1.0                           
0.0861361771944217            1.0                           
0.0869565217391304            0.999999999999997             
0.0877768662838392            1.0                           
0.088597210828548             1.0                           
0.0894175553732568            1.0                           
0.0902378999179655            1.0                           
0.0910582444626743            1.0                           
0.0918785890073831            1.0                           
0.0926989335520919            1.0                           
0.0935192780968007            1.0                           
0.0943396226415094            1.0                           
0.0951599671862182            1.0                           
0.095980311730927             1.0                           
0.0968006562756358            1.0                           
0.0976210008203446            1.0                           
0.0984413453650533            1.0                           
0.0992616899097621            1.0                           
0.100082034454471             1.0                           
0.10090237899918              1.0                           
0.101722723543888             1.0                           
0.102543068088597             1.0                           
0.103363412633306             1.0                           
0.104183757178015             1.0                           
0.105004101722724             1.00000000000001              
0.105824446267432             1.0                           
0.106644790812141             1.0                           
0.10746513535685              1.0                           
0.108285479901559             1.0                           
0.109105824446267             1.0                           
0.109926168990976             1.0                           
0.110746513535685             1.0                           
0.111566858080394             1.00000000000001              
0.112387202625103             1.00000000000001              
0.113207547169811             1.00000000000001              
0.11402789171452              1.00000000000002              
0.114848236259229             1.00000000000002              
0.115668580803938             1.00000000000002              
0.116488925348646             1.00000000000002              
0.117309269893355             1.00000000000001              
0.118129614438064             1.00000000000002              
0.118949958982773             1.00000000000002              
0.119770303527482             1.00000000000002              
0.12059064807219              1.00000000000002              
0.121410992616899             1.00000000000002              
0.122231337161608             1.00000000000001              
0.123051681706317             1.00000000000001              
0.123872026251025             1.00000000000001              
0.124692370795734             1.00000000000001              
0.125512715340443             1.0                           
0.126333059885152             1.0                           
0.127153404429861             0.999999999999997             
0.127973748974569             0.999999999999992             
0.128794093519278             0.999999999999988             
0.129614438063987             0.999999999999984             
0.130434782608696             0.999999999999981             
0.131255127153404             0.999999999999975             
0.132075471698113             0.99999999999997              
0.132895816242822             0.999999999999966             
0.133716160787531             0.999999999999959             
0.13453650533224              0.999999999999953             
0.135356849876948             0.999999999999946             
0.136177194421657             0.999999999999936             
0.136997538966366             0.999999999999926             
0.137817883511075             0.999999999999915             
0.138638228055783             0.999999999999901             
0.139458572600492             0.999999999999887             
0.140278917145201             0.999999999999869             
0.14109926168991              0.999999999999847             
0.141919606234619             0.999999999999824             
0.142739950779327             0.999999999999796             
0.143560295324036             0.999999999999766             
0.144380639868745             0.99999999999973              
0.145200984413454             0.99999999999969              
0.146021328958162             0.999999999999646             
0.146841673502871             0.999999999999596             
0.14766201804758              0.999999999999538             
0.148482362592289             0.999999999999472             
0.149302707136998             0.999999999999394             
0.150123051681706             0.999999999999308             
0.150943396226415             0.999999999999209             
0.151763740771124             0.999999999999096             
0.152584085315833             0.999999999998968             
0.153404429860541             0.999999999998823             
0.15422477440525              0.999999999998657             
0.155045118949959             0.999999999998469             
0.155865463494668             0.999999999998256             
0.156685808039377             0.999999999998015             
0.157506152584085             0.999999999997736             
0.158326497128794             0.999999999997424             
0.159146841673503             0.999999999997065             
0.159967186218212             0.999999999996661             
0.16078753076292              0.999999999996202             
0.161607875307629             0.99999999999568              
0.162428219852338             0.999999999995092             
0.163248564397047             0.999999999994421             
0.164068908941756             0.999999999993666             
0.164889253486464             0.99999999999281              
0.165709598031173             0.999999999991842             
0.166529942575882             0.99999999999075              
0.167350287120591             0.999999999989516             
0.168170631665299             0.999999999988122             
0.168990976210008             0.999999999986548             
0.169811320754717             0.999999999984774             
0.170631665299426             0.99999999998277              
0.171452009844135             0.999999999980509             
0.172272354388843             0.999999999977959             
0.173092698933552             0.999999999975084             
0.173913043478261             0.999999999971842             
0.17473338802297              0.999999999968192             
0.175553732567678             0.999999999964081             
0.176374077112387             0.999999999959452             
0.177194421657096             0.999999999954242             
0.178014766201805             0.999999999948386             
0.178835110746514             0.999999999941801             
0.179655455291222             0.999999999934399             
0.180475799835931             0.999999999926079             
0.18129614438064              0.999999999916745             
0.182116488925349             0.999999999906261             
0.182936833470057             0.999999999894498             
0.183757178014766             0.999999999881301             
0.184577522559475             0.999999999866505             
0.185397867104184             0.99999999984992              
0.186218211648893             0.999999999831337             
0.187038556193601             0.99999999981052              
0.18785890073831              0.999999999787214             
0.188679245283019             0.999999999761131             
0.189499589827728             0.999999999731947             
0.190319934372436             0.999999999699309             
0.191140278917145             0.999999999662818             
0.191960623461854             0.999999999622039             
0.192780968006563             0.999999999576476             
0.193601312551272             0.999999999525597             
0.19442165709598              0.9999999994688               
0.195242001640689             0.999999999405421             
0.196062346185398             0.999999999334724             
0.196882690730107             0.999999999255892             
0.197703035274815             0.999999999168021             
0.198523379819524             0.999999999070114             
0.199343724364233             0.999999998961059             
0.200164068908942             0.999999998839636             
0.200984413453651             0.999999998704488             
0.201804757998359             0.999999998554128             
0.202625102543068             0.999999998386898             
0.203445447087777             0.999999998200976             
0.204265791632486             0.999999997994349             
0.205086136177194             0.999999997764798             
0.205906480721903             0.999999997509876             
0.206726825266612             0.999999997226893             
0.207547169811321             0.999999996912878             
0.20836751435603              0.999999996564558             
0.209187858900738             0.999999996178332             
0.210008203445447             0.999999995750229             
0.210828547990156             0.999999995275879             
0.211648892534865             0.999999994750483             
0.212469237079573             0.999999994168755             
0.213289581624282             0.999999993524891             
0.214109926168991             0.999999992812517             
0.2149302707137               0.999999992024627             
0.215750615258409             0.999999991153534             
0.216570959803117             0.999999990190804             
0.217391304347826             0.999999989127192             
0.218211648892535             0.999999987952567             
0.219031993437244             0.99999998665582              
0.219852337981952             0.999999985224787             
0.220672682526661             0.99999998364614              
0.22149302707137              0.999999981905301             
0.222313371616079             0.999999979986321             
0.223133716160788             0.99999997787175              
0.223954060705496             0.999999975542518             
0.224774405250205             0.99999997297778              
0.225594749794914             0.999999970154762             
0.226415094339623             0.999999967048609             
0.227235438884331             0.999999963632186             
0.22805578342904              0.999999959875884             
0.228876127973749             0.999999955747409             
0.229696472518458             0.999999951211542             
0.230516817063167             0.999999946229991             
0.231337161607875             0.999999940761051             
0.232157506152584             0.999999934759286             
0.232977850697293             0.999999928175281             
0.233798195242002             0.999999920955114             
0.23461853978671              0.999999913040139             
0.235438884331419             0.999999904366591             
0.236259228876128             0.999999894865156             
0.237079573420837             0.999999884460491             
0.237899917965546             0.999999873070762             
0.238720262510254             0.999999860607127             
0.239540607054963             0.999999846973152             
0.240360951599672             0.99999983206422              
0.241181296144381             0.999999815767064             
0.242001640689089             0.999999797958906             
0.242821985233798             0.99999977850671              
0.243642329778507             0.999999757266379             
0.244462674323216             0.999999734081893             
0.245283018867925             0.999999708784485             
0.246103363412633             0.999999681191542             
0.246923707957342             0.999999651105604             
0.247744052502051             0.999999618313202             
0.24856439704676              0.999999582583673             
0.249384741591468             0.999999543667954             
0.250205086136177             0.999999501297139             
0.251025430680886             0.999999455180981             
0.251845775225595             0.999999405006337             
0.252666119770304             0.999999350435489             
0.253486464315012             0.999999291104551             
0.254306808859721             0.99999922662139              
0.25512715340443              0.999999156563595             
0.255947497949139             0.999999080476309             
0.256767842493847             0.999998997869972             
0.257588187038556             0.999998908217893             
0.258408531583265             0.999998810953604             
0.259228876127974             0.999998705468075             
0.260049220672683             0.999998591106756             
0.260869565217391             0.999998467166636             
0.2616899097621               0.999998332893018             
0.262510254306809             0.999998187475765             
0.263330598851518             0.99999803004556              
0.264150943396226             0.99999785966993              
0.264971287940935             0.999997675348851             
0.265791632485644             0.999997476010363             
0.266611977030353             0.999997260505915             
0.267432321575062             0.999997027605373             
0.26825266611977              0.999996775991681             
0.269073010664479             0.999996504254114             
0.269893355209188             0.99999621088335              
0.270713699753897             0.999995894265185             
0.271534044298605             0.999995552673883             
0.272354388843314             0.999995184266877             
0.273174733388023             0.999994787078531             
0.273995077932732             0.999994359010072             
0.274815422477441             0.999993897821408             
0.275635767022149             0.999993401122544             
0.276456111566858             0.999992866365927             
0.277276456111567             0.999992290835962             
0.278096800656276             0.999991671638746             
0.278917145200984             0.99999100569154              
0.279737489745693             0.999990289711857             
0.280557834290402             0.999989520206065             
0.281378178835111             0.999988693456816             
0.28219852337982              0.999987805510223             
0.283018867924528             0.999986852162396             
0.283839212469237             0.999985828947145             
0.284659557013946             0.999984731119892             
0.285479901558655             0.999983553641884             
0.286300246103363             0.999982291163976             
0.287120590648072             0.999980938011341             
0.287940935192781             0.99997948816653              
0.28876127973749              0.999977935248844             
0.289581624282199             0.999976272494931             
0.290401968826907             0.999974492738922             
0.291222313371616             0.999972588397158             
0.292042657916325             0.999970551440587             
0.292863002461034             0.999968373371824             
0.293683347005742             0.999966045201147             
0.294503691550451             0.999963557423266             
0.29532403609516              0.999960899990437             
0.296144380639869             0.999958062284764             
0.296964725184578             0.999955033089985             
0.297785069729286             0.99995180056804              
0.298605414273995             0.999948352231449             
0.299425758818704             0.999944674904403             
0.300246103363413             0.999940754689948             
0.301066447908121             0.999936576935848             
0.30188679245283              0.99993212619895              
0.302707136997539             0.999927386208741             
0.303527481542248             0.999922339829237             
0.304347826086957             0.999916969019497             
0.305168170631665             0.999911254817108             
0.305988515176374             0.999905177274873             
0.306808859721083             0.999898715416404             
0.307629204265792             0.999891847191009             
0.3084495488105               0.999884549425225             
0.309269893355209             0.99987679777572              
0.310090237899918             0.999868566679911             
0.310910582444627             0.999859829304515             
0.311730926989336             0.99985055752176              
0.312551271534044             0.999840721845034             
0.313371616078753             0.999830291357655             
0.314191960623462             0.99981923365523              
0.315012305168171             0.999807514780942             
0.315832649712879             0.999795099164613             
0.316652994257588             0.999781949564227             
0.317473338802297             0.999768027001416             
0.318293683347006             0.999753290730432             
0.319114027891715             0.999737698179983             
0.319934372436423             0.999721204846289             
0.320754716981132             0.999703764222543             
0.321575061525841             0.999685327719389             
0.32239540607055              0.999665844587713             
0.323215750615258             0.999645261852553             
0.324036095159967             0.999623524236157             
0.324856439704676             0.999600574122562             
0.325676784249385             0.999576351499409             
0.326497128794094             0.999550793821659             
0.327317473338802             0.999523835929922             
0.328137817883511             0.999495409956752             
0.32895816242822              0.999465445238628             
0.329778506972929             0.999433868243287             
0.330598851517637             0.999400602483294             
0.331419196062346             0.999365568505331             
0.332239540607055             0.99932868381004              
0.333059885151764             0.999289862691477             
0.333880229696473             0.999249016148252             
0.334700574241181             0.999206051772815             
0.33552091878589              0.999160873665356             
0.336341263330599             0.999113382356963             
0.337161607875308             0.999063474718019             
0.337981952420016             0.999011044027545             
0.338802296964725             0.998955979802662             
0.339622641509434             0.998898167640979             
0.340442986054143             0.99883748912855              
0.341263330598852             0.998773821682015             
0.34208367514356              0.998707038503669             
0.342904019688269             0.998637008499358             
0.343724364232978             0.99856359618827              
0.344544708777687             0.99848666189933              
0.345365053322395             0.998406061403018             
0.346185397867104             0.998321645817598             
0.347005742411813             0.998233261511296             
0.347826086956522             0.998140749996557             
0.348646431501231             0.998043947848806             
0.349466776045939             0.997942686611089             
0.350287120590648             0.99783679288269              
0.351107465135357             0.997726088304232             
0.351927809680066             0.997610389226727             
0.352748154224774             0.997489506617608             
0.353568498769483             0.997363245836161             
0.354388843314192             0.997231406597579             
0.355209187858901             0.997093782939406             
0.35602953240361              0.996950163127946             
0.356849876948318             0.996800330042528             
0.357670221493027             0.996644060662992             
0.358490566037736             0.996481125956463             
0.359310910582445             0.996311290813658             
0.360131255127153             0.996134314015705             
0.360951599671862             0.995949948082913             
0.361771944216571             0.995757939195227             
0.36259228876128              0.995558027611421             
0.363412633305989             0.995349947523769             
0.364232977850697             0.995133426618751             
0.365053322395406             0.994908186015427             
0.365873666940115             0.994673939715634             
0.366694011484824             0.994430395244465             
0.367514356029532             0.994177253970201             
0.368334700574241             0.993914211580425             
0.36915504511895              0.993640958782729             
0.369975389663659             0.993357181361982             
0.370795734208368             0.993062560753499             
0.371616078753076             0.992756774973124             
0.372436423297785             0.992439498712196             
0.373256767842494             0.992110403214016             
0.374077112387203             0.991769151065425             
0.374897456931911             0.991415342960907             
0.37571780147662              0.991048572497292             
0.376538146021329             0.990668425714494             
0.377358490566038             0.990274457148636             
0.378178835110747             0.989866187844587             
0.378999179655455             0.989443126208309             
0.379819524200164             0.98900476695743              
0.380639868744873             0.988550723045                
0.381460213289582             0.98808060652854              
0.38228055783429              0.98759402229369              
0.383100902378999             0.987090568536089             
0.383921246923708             0.986569837067942             
0.384741591468417             0.98603141315949              
0.385561936013126             0.985474875753467             
0.386382280557834             0.984899798531621             
0.387202625102543             0.984305749405059             
0.388022969647252             0.983692290672531             
0.388843314191961             0.983058979559686             
0.389663658736669             0.982405368565367             
0.390484003281378             0.981731005336574             
0.391304347826087             0.981035432925757             
0.392124692370796             0.980318190938279             
0.392945036915505             0.979578814962239             
0.393765381460213             0.978816836827086             
0.394585726004922             0.978031785524799             
0.395406070549631             0.977223187472916             
0.39622641509434              0.976390566224236             
0.397046759639048             0.975533442844808             
0.397867104183757             0.974651337098736             
0.398687448728466             0.973743766818189             
0.399507793273175             0.972810248214355             
0.400328137817884             0.971850296941154             
0.401148482362592             0.970863428049479             
0.401968826907301             0.969849155962935             
0.40278917145201              0.968806995207885             
0.403609515996719             0.967736461440179             
0.404429860541427             0.966637070732302             
0.405250205086136             0.965508339917614             
0.406070549630845             0.964349787885733             
0.406890894175554             0.963160935107518             
0.407711238720263             0.961941303895382             
0.408531583264971             0.960690423760731             
0.40935192780968              0.95940783086822              
0.410172272354389             0.958093064498867             
0.410992616899098             0.956745667625246             
0.411812961443806             0.955365187888632             
0.412633305988515             0.953951177176349             
0.413453650533224             0.952503187481562             
0.414273995077933             0.951020773903947             
0.415094339622642             0.949503497057411             
0.41591468416735              0.947950924090951             
0.416735028712059             0.946362628191028             
0.417555373256768             0.944738183381751             
0.418375717801477             0.943077168497408             
0.419196062346185             0.941379170035695             
0.420016406890894             0.939643783588208             
0.420836751435603             0.937870612605839             
0.421657095980312             0.936059268833645             
0.422477440525021             0.934209383015716             
0.423297785069729             0.932320595006772             
0.424118129614438             0.93039255413968              
0.424938474159147             0.928424921241878             
0.425758818703856             0.926417367965046             
0.426579163248564             0.924369576542625             
0.427399507793273             0.922281240893067             
0.428219852337982             0.920152066974068             
0.429040196882691             0.917981772377588             
0.4298605414274               0.915770087251858             
0.430680885972108             0.913516755529178             
0.431501230516817             0.911221533777295             
0.432321575061526             0.908884191678394             
0.433141919606235             0.906504514765462             
0.433962264150943             0.904082302143007             
0.434782608695652             0.901617366778696             
0.435602953240361             0.899109537457157             
0.43642329778507              0.89655865768614              
0.437243642329779             0.893964585663825             
0.438063986874487             0.89132719607735              
0.438884331419196             0.888646379541788             
0.439704675963905             0.885922042098902             
0.440525020508614             0.883154106771151             
0.441345365053322             0.880342513793458             
0.442165709598031             0.877487219461881             
0.44298605414274              0.87458819693518              
0.443806398687449             0.871645436912955             
0.444626743232158             0.868658946684522             
0.445447087776866             0.865628750915647             
0.446267432321575             0.862554893303957             
0.447087776866284             0.859437434545824             
0.447908121410993             0.856276452668923             
0.448728465955701             0.853072045129993             
0.44954881050041              0.84982432667308              
0.450369155045119             0.846533429404738             
0.451189499589828             0.843199505377808             
0.452009844134537             0.839822724119262             
0.452830188679245             0.836403272638768             
0.453650533223954             0.832941357603205             
0.454470877768663             0.829437203458727             
0.455291222313372             0.825891052125997             
0.45611156685808              0.822303170585993             
0.456931911402789             0.818673844931982             
0.457752255947498             0.815003378487758             
0.458572600492207             0.811292092155754             
0.459392945036916             0.807540324067094             
0.460213289581624             0.803748429181689             
0.461033634126333             0.799916777012864             
0.461853978671042             0.796045753859486             
0.462674323215751             0.792135763403215             
0.463494667760459             0.788187226991646             
0.464315012305168             0.784200582285507             
0.465135356849877             0.780176279808796             
0.465955701394586             0.776114784938764             
0.466776045939295             0.772016579217354             
0.467596390484003             0.767882163398574             
0.468416735028712             0.76371205359015              
0.469237079573421             0.759506781624282             
0.47005742411813              0.755266901083514             
0.470877768662838             0.750992979995042             
0.471698113207547             0.746685600715325             
0.472518457752256             0.742345361582945             
0.473338802296965             0.737972874482732             
0.474159146841674             0.73356876477145              
0.474979491386382             0.729133672876247             
0.475799835931091             0.724668251772291             
0.4766201804758               0.720173166972613             
0.477440525020509             0.715649098467562             
0.478260869565217             0.711096737691361             
0.479081214109926             0.706516787408382             
0.479901558654635             0.701909962488588             
0.480721903199344             0.697276988104501             
0.481542247744053             0.692618601344945             
0.482362592288761             0.687935555846861             
0.48318293683347              0.68322861407617              
0.484003281378179             0.678498546669226             
0.484823625922888             0.673746131622576             
0.485643970467596             0.668972154587352             
0.486464315012305             0.664177396406105             
0.487284659557014             0.65936264065983              
0.488105004101723             0.654528679629938             
0.488925348646432             0.649676320610317             
0.48974569319114              0.644806376731682             
0.490566037735849             0.639919666535904             
0.491386382280558             0.63501702015197              
0.492206726825267             0.630099277594764             
0.493027071369975             0.62516728245423              
0.493847415914684             0.620221881268775             
0.494667760459393             0.615263922946809             
0.495488105004102             0.610294258709136             
0.496308449548811             0.605313741905054             
0.497128794093519             0.60032322867467              
0.497949138638228             0.595323576105958             
0.498769483182937             0.590315642135041             
0.499589827727646             0.585300289018165             
0.500410172272354             0.580278378442622             
0.501230516817063             0.575250771111444             
0.502050861361772             0.570218326678254             
0.502871205906481             0.565181902984513             
0.50369155045119              0.560142355044057             
0.504511894995898             0.555100532516553             
0.505332239540607             0.550057282259771             
0.506152584085316             0.545013448752089             
0.506972928630025             0.539969874217944             
0.507793273174733             0.534927396781923             
0.508613617719442             0.529886849195535             
0.509433962264151             0.524849057298981             
0.51025430680886              0.519814841954916             
0.511074651353569             0.514785019012315             
0.511894995898277             0.509760399868012             
0.512715340442986             0.504741789774602             
0.513535684987695             0.499729987506196             
0.514356029532404             0.494725786095399             
0.515176374077112             0.489729975628445             
0.515996718621821             0.484743338291841             
0.51681706316653              0.4797666480766               
0.517637407711239             0.474800671180811             
0.518457752255947             0.46984616851665              
0.519278096800656             0.464903891542492             
0.520098441345365             0.459974582008948             
0.520918785890074             0.455058971745733             
0.521739130434783             0.450157783679063             
0.522559474979491             0.445271730167994             
0.5233798195242               0.440401512791563             
0.524200164068909             0.435547820270461             
0.525020508613618             0.430711329282653             
0.525840853158327             0.425892705535361             
0.526661197703035             0.421092603689561             
0.527481542247744             0.416311667531897             
0.528301886792453             0.411550529250403             
0.529122231337162             0.406809809277098             
0.52994257588187              0.402090116362118             
0.530762920426579             0.397392048466503             
0.531583264971288             0.392716191056047             
0.532403609515997             0.388063116990919             
0.533223954060706             0.383433386414974             
0.534044298605414             0.378827546535087             
0.534864643150123             0.374246131724751             
0.535684987694832             0.369689663447672             
0.536505332239541             0.365158650232921             
0.537325676784249             0.360653588202041             
0.538146021328958             0.356174959826193             
0.538966365873667             0.351723233907367             
0.539786710418376             0.347298865567926             
0.540607054963084             0.342902296195113             
0.541427399507793             0.338533953281702             
0.542247744052502             0.334194250479793             
0.543068088597211             0.329883588089554             
0.54388843314192              0.325602353656699             
0.544708777686628             0.321350921445244             
0.545529122231337             0.317129652290698             
0.546349466776046             0.312938893488302             
0.547169811320755             0.308778979062558             
0.547990155865464             0.304650229821406             
0.548810500410172             0.300552951247041             
0.549630844954881             0.296487435387018             
0.55045118949959              0.292453960986867             
0.551271534044299             0.288452795714293             
0.552091878589007             0.284484196408396             
0.552912223133716             0.280548407305139             
0.553732567678425             0.276645658918572             
0.554552912223134             0.272776168420789             
0.555373256767843             0.268940140500971             
0.556193601312551             0.265137767476555             
0.55701394585726              0.261369229409095             
0.557834290401969             0.257634694224664             
0.558654634946678             0.25393431160751              
0.559474979491386             0.250268216928521             
0.560295324036095             0.246636533451527             
0.561115668580804             0.243039372506313             
0.561936013125513             0.239476834581053             
0.562756357670221             0.235949009198184             
0.56357670221493              0.232455974528444             
0.564397046759639             0.228997797570198             
0.565217391304348             0.225574533975558             
0.566037735849057             0.222186228117378             
0.566858080393765             0.218832913728778             
0.567678424938474             0.215514614092265             
0.568498769483183             0.212231341434436             
0.569319114027892             0.208983097873617             
0.570139458572601             0.205769875644376             
0.570959803117309             0.202591657200827             
0.571780147662018             0.19944841539661              
0.572600492206727             0.196340113792988             
0.573420836751436             0.1932667083689               
0.574241181296144             0.19022814910645              
0.575061525840853             0.187224377317611             
0.575881870385562             0.184255325405856             
0.576702214930271             0.18132091578691              
0.57752255947498              0.178421062773741             
0.578342904019688             0.175555672772495             
0.579163248564397             0.172724643473592             
0.579983593109106             0.169927860999339             
0.580803937653815             0.167165204163104             
0.581624282198523             0.164436544671934             
0.582444626743232             0.161741747111963             
0.583264971287941             0.159080668142304             
0.58408531583265              0.156453157926017             
0.584905660377358             0.153859060329775             
0.585726004922067             0.151298211777913             
0.586546349466776             0.148770437026197             
0.587366694011485             0.146275555200107             
0.588187038556194             0.143813379997843             
0.589007383100902             0.141383720080986             
0.589827727645611             0.138986379937524             
0.59064807219032              0.136621159205331             
0.591468416735029             0.134287854306586             
0.592288761279738             0.131986264225794             
0.593109105824446             0.129716183533991             
0.593929450369155             0.127477402163037             
0.594749794913864             0.125269703343016             
0.595570139458573             0.123092866455213             
0.596390484003281             0.120946667203551             
0.59721082854799              0.118830877783549             
0.598031173092699             0.116745260812324             
0.598851517637408             0.114689575609332             
0.599671862182117             0.112663578603926             
0.600492206726825             0.110667023498116             
0.601312551271534             0.108699660227477             
0.602132895816243             0.106761235929416             
0.602953240360952             0.104851495519874             
0.60377358490566              0.102970181844793             
0.604593929450369             0.101117032836847             
0.605414273995078             0.0992917829276772            
0.606234618539787             0.0974941650331825            
0.607054963084495             0.0957239106950129            
0.607875307629204             0.0939807499434407            
0.608695652173913             0.0922644113806363            
0.609515996718622             0.0905746226537873            
0.610336341263331             0.0889111105825766            
0.611156685808039             0.087273601629612             
0.611977030352748             0.085661821679104             
0.612797374897457             0.0840754961420534            
0.613617719442166             0.0825143496139662            
0.614438063986875             0.0809781058799061            
0.615258408531583             0.0794664886178132            
0.616078753076292             0.0779792215043477            
0.616899097621001             0.0765160370929459            
0.61771944216571              0.0750766678948528            
0.618539786710418             0.0736608464704756            
0.619360131255127             0.0722683011094632            
0.620180475799836             0.0708987564497273            
0.621000820344545             0.0695519377192624            
0.621821164889254             0.068227570826926             
0.622641509433962             0.0669253824501296            
0.623461853978671             0.0656451001194913            
0.62428219852338              0.0643864523005015            
0.625102543068089             0.0631491572904688            
0.625922887612797             0.0619329293266264            
0.626743232157506             0.0607374843827542            
0.627563576702215             0.0595625402270193            
0.628383921246924             0.058407814051912             
0.629204265791633             0.0572730239839487            
0.630024610336341             0.0561578902334859            
0.63084495488105              0.0550621435645053            
0.631665299425759             0.053985533554464             
0.632485643970468             0.0529277940139925            
0.633305988515176             0.0518886520062496            
0.634126333059885             0.0508678369299154            
0.634946677604594             0.0498650855649836            
0.635767022149303             0.0488801490768916            
0.636587366694012             0.0479127836717971            
0.63740771123872              0.0469627468630708            
0.638228055783429             0.0460297971927196            
0.639048400328138             0.0451136947136199            
0.639868744872847             0.0442141967747274            
0.640689089417555             0.0433310627836235            
0.641509433962264             0.0424640542433288            
0.642329778506973             0.0416129346904279            
0.643150123051682             0.0407774648742566            
0.643970467596391             0.0399574079302239            
0.644790812141099             0.0391525294001898            
0.645611156685808             0.0383625972509556            
0.646431501230517             0.0375873763492843            
0.647251845775226             0.0368266291401286            
0.648072190319934             0.0360801209752754            
0.648892534864643             0.0353476201070342            
0.649712879409352             0.0346288976808351            
0.650533223954061             0.0339237320303476            
0.65135356849877              0.0332319044552223            
0.652173913043478             0.0325531951893241            
0.652994257588187             0.0318873770600887            
0.653814602132896             0.0312342261557489            
0.654634946677605             0.0305935305695608            
0.655455291222313             0.0299650878763648            
0.656275635767022             0.029348701719111             
0.657095980311731             0.028744182084817             
0.65791632485644              0.02815133598852              
0.658736669401149             0.0275699637467493            
0.659557013945857             0.0269998684129263            
0.660377358490566             0.0264408557617123            
0.661197703035275             0.0258927354059898            
0.662018047579984             0.0253553320719371            
0.662838392124692             0.0248284725672538            
0.663658736669401             0.0243119758214664            
0.66447908121411              0.0238056632103476            
0.665299425758819             0.0233093586013035            
0.666119770303528             0.0228228883384008            
0.666940114848236             0.0223460812267823            
0.667760459392945             0.0218787668258143            
0.668580803937654             0.0214207767865594            
0.669401148482363             0.02097194526336              
0.670221493027071             0.020532109008258             
0.67104183757178              0.0201011072826505            
0.671862182116489             0.0196787817775363            
0.672682526661198             0.0192649744563987            
0.673502871205907             0.0188595275803675            
0.674323215750615             0.0184622859803555            
0.675143560295324             0.0180730975405119            
0.675963904840033             0.0176918140427282            
0.676784249384742             0.0173182896547269            
0.67760459392945              0.0169523798505433            
0.678424938474159             0.0165939421166476            
0.679245283018868             0.0162428364078866            
0.680065627563577             0.0158989254372054            
0.680885972108285             0.0155620742072232            
0.681706316652994             0.0152321491250089            
0.682526661197703             0.0149090186705075            
0.683347005742412             0.0145925536709296            
0.684167350287121             0.0142826273056244            
0.684987694831829             0.0139791149048025            
0.685808039376538             0.0136818933097866            
0.686628383921247             0.0133908415222427            
0.687448728465956             0.013105840662535             
0.688269073010665             0.0128267739456732            
0.689089417555373             0.0125535268325934            
0.689909762100082             0.0122859871603263            
0.690730106644791             0.0120240447501432            
0.6915504511895               0.0117675902218477            
0.692370795734208             0.0115165161498579            
0.693191140278917             0.0112707155884014            
0.694011484823626             0.0110300810369607            
0.694831829368335             0.0107945071064734            
0.695652173913044             0.0105638941368657            
0.696472518457752             0.0103381457569191            
0.697292863002461             0.0101171692432944            
0.69811320754717              0.00990087238676301           
0.698933552091879             0.00968916229471154           
0.699753896636587             0.00948194781594554           
0.700574241181296             0.0092791385246894            
0.701394585726005             0.0090806407436658            
0.702214930270714             0.00888636278248607           
0.703035274815422             0.00869621489607373           
0.703855619360131             0.00851011628514045           
0.70467596390484              0.00832798820003853           
0.705496308449549             0.00814975278693936           
0.706316652994258             0.00797533073929135           
0.707136997538966             0.00780464431309527           
0.707957342083675             0.00763761545487331           
0.708777686628384             0.00747416581109057           
0.709598031173093             0.00731421871432655           
0.710418375717802             0.00715770292063611           
0.71123872026251              0.00700455013302469           
0.712059064807219             0.00685469418809867           
0.712879409351928             0.00670806829763208           
0.713699753896637             0.0065646059990988            
0.714520098441345             0.00642424216814178           
0.715340442986054             0.00628691134021251           
0.716160787530763             0.00615254704035915           
0.716981132075472             0.00602108428495471           
0.717801476620181             0.00589246000017699           
0.718621821164889             0.00576661622775099           
0.719442165709598             0.00564349667125332           
0.720262510254307             0.00552304675172361           
0.721082854799016             0.00540521112141096           
0.721903199343724             0.00528993505471533           
0.722723543888433             0.0051771649668649            
0.723543888433142             0.00506684809391759           
0.724364232977851             0.00495893233657887           
0.725184577522559             0.00485336671000194           
0.726004922067268             0.00475010127525769           
0.726825266611977             0.004649085511632             
0.727645611156686             0.00455027004236246           
0.728465955701395             0.00445360660806782           
0.729286300246103             0.00435904875323225           
0.730106644790812             0.00426655150381022           
0.730926989335521             0.00417607102798461           
0.73174733388023              0.00408756523617041           
0.732567678424939             0.00400099291966516           
0.733388022969647             0.00391631298987763           
0.734208367514356             0.00383348494397473           
0.735028712059065             0.00375246916380868           
0.735849056603774             0.00367322657797452           
0.736669401148482             0.00359571768802558           
0.737489745693191             0.00351990391730221           
0.7383100902379               0.00344574758844084           
0.739130434782609             0.00337321243310063           
0.739950779327318             0.00330226332813305           
0.740771123872026             0.00323286598408236           
0.741591468416735             0.00316498782644608           
0.742411812961444             0.00309859697605823           
0.743232157506153             0.00303366128828437           
0.744052502050861             0.00297014817199021           
0.74487284659557              0.00290802580815075           
0.745693191140279             0.00284726313058648           
0.746513535684988             0.00278782998807855           
0.747333880229696             0.00272969724944949           
0.748154224774405             0.00267283645262532           
0.748974569319114             0.00261721902832526           
0.749794913863823             0.00256281684026775           
0.750615258408532             0.00250960253234441           
0.75143560295324              0.00245755028613521           
0.752255947497949             0.00240663488245482           
0.753076292042658             0.00235683170182494           
0.753896636587367             0.00230811635410345           
0.754716981132076             0.00226046465633703           
0.755537325676784             0.00221385290558935           
0.756357670221493             0.00216825762065342           
0.757178014766202             0.00212365589095283           
0.757998359310911             0.00208002658853723           
0.758818703855619             0.00203734925593918           
0.759639048400328             0.00199560404711188           
0.760459392945037             0.00195477074844673           
0.761279737489746             0.00191482938429348           
0.762100082034455             0.00187576044515995           
0.762920426579163             0.00183754410726899           
0.763740771123872             0.00180016028159719           
0.764561115668581             0.00176358940506895           
0.76538146021329              0.00172781274938513           
0.766201804757998             0.00169281375078899           
0.767022149302707             0.00165857621798976           
0.767842493847416             0.00162508398898842           
0.768662838392125             0.00159232063172648           
0.769483182936833             0.00156027010525098           
0.770303527481542             0.00152891698591264           
0.771123872026251             0.00149824644642143           
0.77194421657096              0.00146824399518122           
0.772764561115669             0.00143889505702085           
0.773584905660377             0.00141018513333933           
0.774405250205086             0.00138210005127885           
0.775225594749795             0.00135462594876567           
0.776045939294504             0.00132774927218664           
0.776866283839213             0.00130145670686275           
0.777686628383921             0.00127573526441739           
0.77850697292863              0.00125057213691412           
0.779327317473339             0.0012259548312029            
0.780147662018048             0.00120187104294294           
0.780968006562756             0.00117830872502388           
0.781788351107465             0.00115525608597246           
0.782608695652174             0.00113270160429948           
0.783429040196883             0.00111063425800127           
0.784249384741592             0.00108904347700836           
0.7850697292863               0.00106791882801848           
0.785890073831009             0.00104724998743369           
0.786710418375718             0.00102702665644908           
0.787530762920427             0.00100723878323458           
0.788351107465135             0.000987876533941127          
0.789171452009844             0.000968930428617221          
0.789991796554553             0.00095039174587429           
0.790812141099262             0.000932251998889112          
0.79163248564397              0.000914502793504559          
0.792452830188679             0.000897135042944342          
0.793273174733388             0.00088013990421622           
0.794093519278097             0.000863508770645249          
0.794913863822806             0.00084723334599505           
0.795734208367514             0.000831305595018462          
0.796554552912223             0.000815718159420376          
0.797374897456932             0.000800463867465557          
0.798195242001641             0.000785535773086096          
0.79901558654635              0.000770926558401443          
0.799835931091058             0.000756628983688386          
0.800656275635767             0.000742635999269789          
0.801476620180476             0.000728941304080657          
0.802296964725185             0.00071553854494395           
0.803117309269893             0.000702421293754237          
0.803937653814602             0.000689583284940243          
0.804757998359311             0.000677018153747983          
0.80557834290402              0.000664719401874137          
0.806398687448729             0.000652680716173954          
0.807219031993437             0.000640896082321607          
0.808039376538146             0.000629359866871207          
0.808859721082855             0.000618066783840946          
0.809680065627564             0.000607011835933888          
0.810500410172272             0.000596190175132938          
0.811320754716981             0.000585596910180366          
0.81214109926169              0.000575226999378584          
0.812961443806399             0.000565075531610906          
0.813781788351107             0.000555137531636084          
0.814602132895816             0.000545407973003771          
0.815422477440525             0.000535881972964166          
0.816242821985234             0.000526554964210087          
0.817063166529943             0.000517422644135473          
0.817883511074651             0.000508480900627383          
0.81870385561936              0.000499725896732831          
0.819524200164069             0.000491153849751348          
0.820344544708778             0.000482760881596691          
0.821164889253487             0.000474543071031051          
0.821985233798195             0.000466496599435084          
0.822805578342904             0.000458617538850232          
0.823625922887613             0.000450901986655521          
0.824446267432322             0.000443346152570629          
0.82526661197703              0.000435946596583817          
0.826086956521739             0.000428699977527205          
0.826907301066448             0.000421602976379165          
0.827727645611157             0.000414652304426676          
0.828547990155866             0.000407844773382233          
0.829368334700574             0.000401177289042336          
0.830188679245283             0.000394646759417105          
0.831009023789992             0.000388250199903431          
0.831829368334701             0.000381984745762598          
0.832649712879409             0.000375847618575729          
0.833470057424118             0.000369836076564495          
0.834290401968827             0.000363947457969222          
0.835110746513536             0.000358179209399828          
0.835931091058244             0.000352528773902177          
0.836751435602953             0.00034699363386882           
0.837571780147662             0.000341571307628171          
0.838392124692371             0.00033625937218056           
0.83921246923708              0.000331055460659102          
0.840032813781788             0.000325957260485373          
0.840853158326497             0.000320962512567952          
0.841673502871206             0.000316069007424479          
0.842493847415915             0.000311274588828517          
0.843314191960624             0.000306577027185334          
0.844134536505332             0.000301974113910747          
0.844954881050041             0.000297463876362293          
0.84577522559475              0.000293044419461721          
0.846595570139459             0.000288713960011867          
0.847415914684167             0.000284470631080932          
0.848236259228876             0.000280312576594094          
0.849056603773585             0.000276237985242411          
0.849876948318294             0.000272245081608625          
0.850697292863003             0.000268332135082105          
0.851517637407711             0.000264497340122801          
0.85233798195242              0.00026073890537839           
0.853158326497129             0.000257055215125836          
0.853978671041838             0.000253444722390221          
0.854799015586546             0.000249905892776607          
0.855619360131255             0.000246437284921403          
0.856439704675964             0.000243037524546701          
0.857260049220673             0.000239705202409402          
0.858080393765381             0.000236438888512272          
0.85890073831009              0.000233237166105299          
0.859721082854799             0.000230098659521283          
0.860541427399508             0.000227022032722768          
0.861361771944217             0.000224005929889515          
0.862182116488925             0.000221048974522502          
0.863002461033634             0.000218149990693614          
0.863822805578343             0.000215307862282977          
0.864643150123052             0.000212521466984271          
0.865463494667761             0.000209789614125712          
0.866283839212469             0.000207111076094943          
0.867104183757178             0.000204484686602264          
0.867924528301887             0.000201909354643135          
0.868744872846596             0.000199384016002822          
0.869565217391304             0.000196907630622476          
0.870385561936013             0.000194479189261151          
0.871205906480722             0.000192097739078364          
0.872026251025431             0.000189762367359902          
0.87284659557014              0.00018747214501303           
0.873666940114848             0.000185226116848201          
0.874487284659557             0.000183023309210547          
0.875307629204266             0.000180862798400722          
0.876127973748975             0.000178743716507535          
0.876948318293683             0.000176665209768139          
0.877768662838392             0.000174626432496673          
0.878589007383101             0.000172626526249892          
0.87940935192781              0.000170664670965833          
0.880229696472518             0.000168740079890724          
0.881050041017227             0.00016685198175317           
0.881870385561936             0.000164999578568318          
0.882690730106645             0.000163182108852247          
0.883511074651354             0.00016139887474332           
0.884331419196062             0.000159649254245844          
0.885151763740771             0.000157932564303813          
0.88597210828548              0.000156248111834376          
0.886792452830189             0.000154595186142616          
0.887612797374898             0.000152973110977539          
0.888433141919606             0.000151381236945549          
0.889253486464315             0.000149818931788775          
0.890073831009024             0.0001482856123391            
0.890894175553733             0.000146780699963818          
0.891714520098441             0.000145303597269733          
0.89253486464315              0.000143853713871483          
0.893355209187859             0.000142430484429065          
0.894175553732568             0.000141033354179518          
0.894995898277277             0.000139661779706143          
0.895816242821985             0.000138315216562206          
0.896636587366694             0.000136993067709375          
0.897456931911403             0.000135694828280456          
0.898277276456112             0.000134420017606994          
0.89909762100082              0.000133168167467222          
0.899917965545529             0.000131938825429432          
0.900738310090238             0.000130731515399106          
0.901558654634947             0.000129545754797921          
0.902378999179655             0.000128381083687588          
0.903199343724364             0.000127237053395065          
0.904019688269073             0.000126113218863195          
0.904840032813782             0.000125009152903034          
0.905660377358491             0.000123924474472975          
0.906480721903199             0.000122858760077813          
0.907301066447908             0.000121811598120336          
0.908121410992617             0.000120782601264948          
0.908941755537326             0.000119771362595071          
0.909762100082035             0.000118777482086723          
0.910582444626743             0.000117800611211897          
0.911402789171452             0.000116840390821656          
0.912223133716161             0.000115896438983104          
0.91304347826087              0.000114968437854666          
0.913863822805578             0.000114056085791219          
0.914684167350287             0.000113159040657107          
0.915504511894996             0.000112276956432766          
0.916324856439705             0.000111409485126359          
0.917145200984414             0.000110556296614285          
0.917965545529122             0.000109717074373693          
0.918785890073831             0.000108891509715926          
0.91960623461854              0.000108079322140302          
0.920426579163249             0.000107280229274962          
0.921246923707957             0.000106493931893662          
0.922067268252666             0.000105720127791829          
0.922887612797375             0.000104958536533028          
0.923707957342084             0.00010420887580112           
0.924528301886792             0.00010347086765471           
0.925348646431501             0.000102744252847632          
0.92616899097621              0.000102028792405531          
0.926989335520919             0.000101324261258608          
0.927809680065628             0.000100630452385869          
0.928630024610336             9.99471631456881e-05          
0.929450369155045             9.92741561789255e-05          
0.930270713699754             9.86112129477825e-05          
0.931091058244463             9.79581347803902e-05          
0.931911402789172             9.73147288504539e-05          
0.93273174733388              9.66808087495812e-05          
0.933552091878589             9.60561580335173e-05          
0.934372436423298             9.54405706150957e-05          
0.935192780968007             9.48338550095339e-05          
0.936013125512715             9.42358312061451e-05          
0.936833470057424             9.36463221514493e-05          
0.937653814602133             9.30651641664692e-05          
0.938474159146842             9.24922163804667e-05          
0.939294503691551             9.19273365588879e-05          
0.940114848236259             9.13704076455989e-05          
0.940935192780968             9.08213215221461e-05          
0.941755537325677             9.02799830434086e-05          
0.942575881870386             8.97463118245831e-05          
0.943396226415094             8.9220242971052e-05           
0.944216570959803             8.8701730056028e-05           
0.945036915504512             8.81907468213145e-05          
0.945857260049221             8.76872923935793e-05          
0.946677604593929             8.71913882839668e-05          
0.947497949138638             8.67030860711929e-05          
0.948318293683347             8.62224597924289e-05          
0.949138638228056             8.57496403060399e-05          
0.949958982772765             8.52847985701512e-05          
0.950779327317473             8.48281336738463e-05          
0.951599671862182             8.43798934039633e-05          
0.952420016406891             8.39403587655855e-05          
0.9532403609516               8.35098228170935e-05          
0.954060705496309             8.30886139229359e-05          
0.954881050041017             8.26770369836129e-05          
0.955701394585726             8.22753773991005e-05          
0.956521739130435             8.1883890812962e-05           
0.957342083675144             8.15027089614279e-05          
0.958162428219852             8.11318942441511e-05          
0.958982772764561             8.07713920980893e-05          
0.95980311730927              8.04210246218684e-05          
0.960623461853979             8.00805525379377e-05          
0.961443806398688             7.97496728006807e-05          
0.962264150943396             7.94280575868052e-05          
0.963084495488105             7.91153382844995e-05          
0.963904840032814             7.88111611326542e-05          
0.964725184577523             7.85151531415693e-05          
0.965545529122231             7.82269507492247e-05          
0.96636587366694              7.79461943078483e-05          
0.967186218211649             7.76725566490647e-05          
0.968006562756358             7.74056902346209e-05          
0.968826907301066             7.71452563972171e-05          
0.969647251845775             7.68909652893508e-05          
0.970467596390484             7.66424794376464e-05          
0.971287940935193             7.63995166978871e-05          
0.972108285479902             7.61617770144905e-05          
0.97292863002461              7.59289818194054e-05          
0.973748974569319             7.57008477856698e-05          
0.974569319114028             7.54771111685499e-05          
0.975389663658737             7.52575029749708e-05          
0.976210008203446             7.50417894290809e-05          
0.977030352748154             7.48297247504717e-05          
0.977850697292863             7.46210720129179e-05          
0.978671041837572             7.44156094032744e-05          
0.979491386382281             7.421311267482e-05            
0.980311730926989             7.40133696043001e-05          
0.981132075471698             7.38161858755266e-05          
0.981952420016407             7.36213677999407e-05          
0.982772764561116             7.34287376260436e-05          
0.983593109105825             7.32381251015094e-05          
0.984413453650533             7.30493651286712e-05          
0.985233798195242             7.28623046442454e-05          
0.986054142739951             7.26767995249963e-05          
0.98687448728466              7.24927130258482e-05          
0.987694831829368             7.2309919325922e-05           
0.988515176374077             7.21283021078164e-05          
0.989335520918786             7.19477549981675e-05          
0.990155865463495             7.17681807830268e-05          
0.990976210008203             7.15894910778385e-05          
0.991796554552912             7.1411606886002e-05           
0.992616899097621             7.12344599788368e-05          
0.99343724364233              7.10579957938304e-05          
0.994257588187039             7.08821732577763e-05          
0.995077932731747             7.07069657990843e-05          
0.995898277276456             7.05323555661898e-05          
0.996718621821165             7.03583307885739e-05          
0.997538966365874             7.01848848001336e-05          
0.998359310910582             7.00120126104662e-05          
0.999179655455291             6.98397098947891e-05          
1.0                           6.96679730082198e-05          
