time relative to tcryst: 1283951162.230889 years
r/r_wd                        B/B0
0.00076103500761035           0.999999999996816             
0.0015220700152207            0.999999999996814             
0.00228310502283105           0.999999999996804             
0.0030441400304414            0.99999999999679              
0.00380517503805175           0.99999999999677              
0.0045662100456621            0.999999999996745             
0.00532724505327245           0.999999999996716             
0.0060882800608828            0.999999999996683             
0.00684931506849315           0.999999999996644             
0.0076103500761035            0.999999999996602             
0.00837138508371385           0.999999999996554             
0.0091324200913242            0.999999999996499             
0.00989345509893455           0.999999999996442             
0.0106544901065449            0.999999999996377             
0.0114155251141553            0.999999999996306             
0.0121765601217656            0.999999999996231             
0.012937595129376             0.999999999996149             
0.0136986301369863            0.999999999996062             
0.0144596651445967            0.999999999995966             
0.015220700152207             0.999999999995865             
0.0159817351598174            0.999999999995757             
0.0167427701674277            0.999999999995641             
0.0175038051750381            0.999999999995519             
0.0182648401826484            0.999999999995389             
0.0190258751902588            0.999999999995251             
0.0197869101978691            0.999999999995106             
0.0205479452054795            0.999999999994946             
0.0213089802130898            0.99999999999478              
0.0220700152207002            0.999999999994604             
0.0228310502283105            0.999999999994416             
0.0235920852359209            0.999999999994219             
0.0243531202435312            0.999999999994007             
0.0251141552511416            0.999999999993784             
0.0258751902587519            0.999999999993549             
0.0266362252663623            0.999999999993298             
0.0273972602739726            0.999999999993034             
0.028158295281583             0.999999999992755             
0.0289193302891933            0.999999999992458             
0.0296803652968037            0.999999999992139             
0.030441400304414             0.999999999991796             
0.0312024353120244            0.999999999991465             
0.0319634703196347            0.999999999991107             
0.0327245053272451            0.999999999990723             
0.0334855403348554            0.999999999990317             
0.0342465753424658            0.999999999989887             
0.0350076103500761            0.999999999989429             
0.0357686453576865            0.999999999988946             
0.0365296803652968            0.999999999988436             
0.0372907153729072            0.999999999987896             
0.0380517503805175            0.999999999987324             
0.0388127853881279            0.99999999998672              
0.0395738203957382            0.999999999986076             
0.0403348554033486            0.999999999985409             
0.0410958904109589            0.999999999984695             
0.0418569254185693            0.99999999998394              
0.0426179604261796            0.999999999983141             
0.04337899543379              0.999999999982303             
0.0441400304414003            0.999999999981415             
0.0449010654490107            0.999999999980479             
0.045662100456621             0.999999999979487             
0.0464231354642314            0.999999999978439             
0.0471841704718417            0.999999999977329             
0.0479452054794521            0.999999999976157             
0.0487062404870624            0.99999999997492              
0.0494672754946728            0.999999999973611             
0.0502283105022831            0.999999999972226             
0.0509893455098935            0.999999999970763             
0.0517503805175038            0.999999999969214             
0.0525114155251142            0.999999999967577             
0.0532724505327245            0.999999999965846             
0.0540334855403349            0.999999999964017             
0.0547945205479452            0.999999999962082             
0.0555555555555556            0.999999999960035             
0.0563165905631659            0.999999999957872             
0.0570776255707763            0.999999999955584             
0.0578386605783866            0.999999999953163             
0.058599695585997             0.999999999950602             
0.0593607305936073            0.999999999947891             
0.0601217656012177            0.999999999945026             
0.060882800608828             0.99999999994199              
0.0616438356164384            0.999999999938782             
0.0624048706240487            0.999999999935391             
0.0631659056316591            0.999999999931804             
0.0639269406392694            0.999999999928006             
0.0646879756468798            0.999999999923988             
0.0654490106544901            0.999999999919738             
0.0662100456621005            0.999999999915237             
0.0669710806697108            0.999999999910477             
0.0677321156773212            0.999999999905445             
0.0684931506849315            0.999999999900122             
0.0692541856925419            0.99999999989448              
0.0700152207001522            0.999999999888517             
0.0707762557077626            0.999999999882206             
0.0715372907153729            0.999999999875528             
0.0722983257229833            0.999999999868463             
0.0730593607305936            0.999999999860989             
0.073820395738204             0.999999999853079             
0.0745814307458143            0.999999999844715             
0.0753424657534247            0.999999999835863             
0.076103500761035             0.999999999826496             
0.0768645357686454            0.999999999816585             
0.0776255707762557            0.999999999806101             
0.0783866057838661            0.999999999795009             
0.0791476407914764            0.999999999783276             
0.0799086757990868            0.99999999977086              
0.0806697108066971            0.99999999975772              
0.0814307458143075            0.999999999743824             
0.0821917808219178            0.999999999729124             
0.0829528158295282            0.999999999713578             
0.0837138508371385            0.999999999697117             
0.0844748858447489            0.999999999679712             
0.0852359208523592            0.999999999661299             
0.0859969558599696            0.999999999641822             
0.0867579908675799            0.999999999621217             
0.0875190258751903            0.999999999599426             
0.0882800608828006            0.999999999576377             
0.089041095890411             0.999999999551997             
0.0898021308980213            0.999999999526213             
0.0905631659056317            0.999999999498947             
0.091324200913242             0.999999999470111             
0.0920852359208524            0.999999999439619             
0.0928462709284627            0.999999999407377             
0.0936073059360731            0.999999999373282             
0.0943683409436834            0.999999999337235             
0.0951293759512938            0.999999999299123             
0.0958904109589041            0.999999999258829             
0.0966514459665145            0.999999999216231             
0.0974124809741248            0.999999999171199             
0.0981735159817352            0.999999999123595             
0.0989345509893455            0.999999999073275             
0.0996955859969559            0.999999999020088             
0.100456621004566             0.999999998963872             
0.101217656012177             0.999999998904456             
0.101978691019787             0.999999998841662             
0.102739726027397             0.999999998775304             
0.103500761035008             0.999999998705178             
0.104261796042618             0.999999998631079             
0.105022831050228             0.999999998552784             
0.105783866057839             0.999999998470061             
0.106544901065449             0.999999998382665             
0.107305936073059             0.999999998290337             
0.10806697108067              0.999999998192804             
0.10882800608828              0.999999998089781             
0.10958904109589              0.999999997980966             
0.110350076103501             0.999999997866038             
0.111111111111111             0.999999997744661             
0.111872146118721             0.999999997616478             
0.112633181126332             0.999999997481135             
0.113394216133942             0.99999999733822              
0.114155251141553             0.999999997187321             
0.114916286149163             0.999999997028003             
0.115677321156773             0.999999996859805             
0.116438356164384             0.999999996682245             
0.117199391171994             0.999999996494814             
0.117960426179604             0.999999996296969             
0.118721461187215             0.999999996088151             
0.119482496194825             0.999999995867764             
0.120243531202435             0.999999995635179             
0.121004566210046             0.999999995389744             
0.121765601217656             0.999999995130756             
0.122526636225266             0.999999994857489             
0.123287671232877             0.99999999456918              
0.124048706240487             0.999999994265023             
0.124809741248097             0.999999993944177             
0.125570776255708             0.999999993605748             
0.126331811263318             0.999999993248804             
0.127092846270928             0.999999992872359             
0.127853881278539             0.99999999247538              
0.128614916286149             0.99999999205678              
0.12937595129376              0.999999991615423             
0.13013698630137              0.999999991150098             
0.13089802130898              0.999999990659547             
0.131659056316591             0.999999990142445             
0.132420091324201             0.999999989597395             
0.133181126331811             0.99999998902294              
0.133942161339422             0.999999988417537             
0.134703196347032             0.999999987779574             
0.135464231354642             0.999999987107353             
0.136225266362253             0.999999986399092             
0.136986301369863             0.999999985652921             
0.137747336377473             0.999999984866875             
0.138508371385084             0.999999984038891             
0.139269406392694             0.999999983166802             
0.140030441400304             0.999999982248347             
0.140791476407915             0.99999998128115              
0.141552511415525             0.999999980262729             
0.142313546423135             0.999999979190467             
0.143074581430746             0.999999978061627             
0.143835616438356             0.999999976873337             
0.144596651445967             0.999999975622581             
0.145357686453577             0.999999974306199             
0.146118721461187             0.999999972920875             
0.146879756468798             0.999999971463117             
0.147640791476408             0.999999969929265             
0.148401826484018             0.999999968315491             
0.149162861491629             0.999999966617762             
0.149923896499239             0.999999964831868             
0.150684931506849             0.999999962953401             
0.15144596651446              0.999999960977725             
0.15220700152207              0.999999958899997             
0.15296803652968              0.999999956715148             
0.153729071537291             0.999999954417864             
0.154490106544901             0.999999952002589             
0.155251141552511             0.999999949463492             
0.156012176560122             0.999999946794468             
0.156773211567732             0.999999943989131             
0.157534246575342             0.999999941040785             
0.158295281582953             0.999999937942424             
0.159056316590563             0.999999934686709             
0.159817351598174             0.999999931265963             
0.160578386605784             0.999999927672144             
0.161339421613394             0.999999923896845             
0.162100456621005             0.999999919931262             
0.162861491628615             0.999999915766218             
0.163622526636225             0.999999911392117             
0.164383561643836             0.999999906798923             
0.165144596651446             0.999999901976133             
0.165905631659056             0.999999896912771             
0.166666666666667             0.999999891597358             
0.167427701674277             0.999999886017867             
0.168188736681887             0.999999880161715             
0.168949771689498             0.999999874015747             
0.169710806697108             0.999999867566213             
0.170471841704718             0.999999860798739             
0.171232876712329             0.999999853698309             
0.171993911719939             0.999999846249233             
0.172754946727549             0.999999838435166             
0.17351598173516              0.999999830239041             
0.17427701674277              0.999999821643031             
0.175038051750381             0.999999812628522             
0.175799086757991             0.999999803176072             
0.176560121765601             0.999999793265381             
0.177321156773212             0.999999782875245             
0.178082191780822             0.999999771983516             
0.178843226788432             0.99999976056707              
0.179604261796043             0.999999748601771             
0.180365296803653             0.999999736062427             
0.181126331811263             0.999999722922773             
0.181887366818874             0.999999709155383             
0.182648401826484             0.999999694731841             
0.183409436834094             0.99999967962254              
0.184170471841705             0.999999663796613             
0.184931506849315             0.999999647221881             
0.185692541856925             0.999999629864796             
0.186453576864536             0.999999611690391             
0.187214611872146             0.99999959266222              
0.187975646879756             0.999999572742187             
0.188736681887367             0.999999551890534             
0.189497716894977             0.999999530065831             
0.190258751902588             0.99999950722491              
0.191019786910198             0.999999483322814             
0.191780821917808             0.99999945831269              
0.192541856925419             0.999999432145756             
0.193302891933029             0.999999404771439             
0.194063926940639             0.999999376137139             
0.19482496194825              0.999999346188095             
0.19558599695586              0.99999931486731              
0.19634703196347              0.999999282115464             
0.197108066971081             0.999999247870728             
0.197869101978691             0.999999212068588             
0.198630136986301             0.999999174641922             
0.199391171993912             0.999999135520897             
0.200152207001522             0.999999094632854             
0.200913242009132             0.999999051902264             
0.201674277016743             0.999999007251065             
0.202435312024353             0.999998960598095             
0.203196347031963             0.999998911858972             
0.203957382039574             0.999998860945979             
0.204718417047184             0.999998807767407             
0.205479452054795             0.999998752227903             
0.206240487062405             0.999998694228402             
0.207001522070015             0.99999863366594              
0.207762557077626             0.999998570433645             
0.208523592085236             0.999998504420489             
0.209284627092846             0.999998435511133             
0.210045662100457             0.999998363585772             
0.210806697108067             0.999998288519986             
0.211567732115677             0.999998210184573             
0.212328767123288             0.999998128445366             
0.213089802130898             0.999998043163076             
0.213850837138508             0.999997954194401             
0.214611872146119             0.999997861391351             
0.215372907153729             0.999997764600389             
0.216133942161339             0.999997663662244             
0.21689497716895              0.99999755840984              
0.21765601217656              0.999997448669578             
0.21841704718417              0.999997334261368             
0.219178082191781             0.999997214998302             
0.219939117199391             0.999997090685809             
0.220700152207002             0.999996961122093             
0.221461187214612             0.999996826097891             
0.222222222222222             0.999996685396217             
0.222983257229833             0.999996538792107             
0.223744292237443             0.999996386052763             
0.224505327245053             0.999996226938187             
0.225266362252664             0.999996061199669             
0.226027397260274             0.999995888579515             
0.226788432267884             0.999995708810737             
0.227549467275495             0.99999552161676              
0.228310502283105             0.999995326713668             
0.229071537290715             0.999995123810201             
0.229832572298326             0.999994912604892             
0.230593607305936             0.999994692785749             
0.231354642313546             0.999994464025129             
0.232115677321157             0.999994225982909             
0.232876712328767             0.999993978307074             
0.233637747336377             0.999993720633439             
0.234398782343988             0.999993452585505             
0.235159817351598             0.999993173773758             
0.235920852359209             0.999992883795247             
0.236681887366819             0.999992582233186             
0.237442922374429             0.999992268656528             
0.23820395738204              0.999991942619513             
0.23896499238965              0.999991603661219             
0.23972602739726              0.999991251305995             
0.240487062404871             0.999990885064801             
0.241248097412481             0.999990504432224             
0.242009132420091             0.999990108885988             
0.242770167427702             0.999989697885545             
0.243531202435312             0.999989270870564             
0.244292237442922             0.999988827262164             
0.245053272450533             0.999988366462361             
0.245814307458143             0.999987887854725             
0.246575342465753             0.999987390803406             
0.247336377473364             0.999986874651855             
0.248097412480974             0.999986338722215             
0.248858447488584             0.999985782313328             
0.249619482496195             0.999985204701339             
0.250380517503805             0.999984605139123             
0.251141552511416             0.999983982864326             
0.251902587519026             0.999983337101863             
0.252663622526636             0.999982667052486             
0.253424657534247             0.999981971889155             
0.254185692541857             0.999981250740259             
0.254946727549467             0.999980502706886             
0.255707762557078             0.999979726862063             
0.256468797564688             0.999978922256101             
0.257229832572298             0.999978087910951             
0.257990867579909             0.999977222818531             
0.258751902587519             0.999976325933759             
0.259512937595129             0.999975396179076             
0.26027397260274              0.999974432443997             
0.26103500761035              0.999973433576412             
0.26179604261796              0.999972398389133             
0.262557077625571             0.999971325658936             
0.263318112633181             0.999970214125595             
0.264079147640791             0.999969062490882             
0.264840182648402             0.999967869435411             
0.265601217656012             0.999966633605054             
0.266362252663623             0.999965353605838             
0.267123287671233             0.999964028002931             
0.267884322678843             0.999962655319635             
0.268645357686454             0.99996123403076              
0.269406392694064             0.999959762564602             
0.270167427701674             0.999958239303986             
0.270928462709285             0.999956662585131             
0.271689497716895             0.999955030696518             
0.272450532724505             0.999953341883974             
0.273211567732116             0.999951594347683             
0.273972602739726             0.99994978623706              
0.274733637747336             0.999947915649529             
0.275494672754947             0.999945980629291             
0.276255707762557             0.999943979160779             
0.277016742770167             0.999941909171611             
0.277777777777778             0.999939768532035             
0.278538812785388             0.999937555053595             
0.279299847792998             0.999935266494773             
0.280060882800609             0.999932900574016             
0.280821917808219             0.99993045494827              
0.28158295281583              0.999927927211621             
0.28234398782344              0.999925314893926             
0.28310502283105              0.999922615470741             
0.283866057838661             0.999919826359729             
0.284627092846271             0.999916944911034             
0.285388127853881             0.999913968364759             
0.286149162861492             0.999910893872794             
0.286910197869102             0.999907718512422             
0.287671232876712             0.999904439315713             
0.288432267884323             0.999901053245449             
0.289193302891933             0.999897557186662             
0.289954337899543             0.999893947915191             
0.290715372907154             0.999890222121922             
0.291476407914764             0.999886376415431             
0.292237442922374             0.999882407335227             
0.292998477929985             0.999878311333878             
0.293759512937595             0.999874084770807             
0.294520547945205             0.999869723904087             
0.295281582952816             0.999865224898757             
0.296042617960426             0.999860583868604             
0.296803652968037             0.9998557968636               
0.297564687975647             0.999850859838336             
0.298325722983257             0.999845768581169             
0.299086757990868             0.999840518769948             
0.299847792998478             0.999835105986328             
0.300608828006088             0.999829525732222             
0.301369863013699             0.999823773402638             
0.302130898021309             0.999817844261772             
0.302891933028919             0.999811733450198             
0.30365296803653              0.999805435999217             
0.30441400304414              0.999798946882727             
0.30517503805175              0.999792260958495             
0.305936073059361             0.999785372951405             
0.306697108066971             0.999778277431238             
0.307458143074581             0.999770968843311             
0.308219178082192             0.999763441507092             
0.308980213089802             0.999755689613858             
0.309741248097412             0.999747707223697             
0.310502283105023             0.99973948826592              
0.311263318112633             0.999731026537783             
0.312024353120244             0.99972231569861              
0.312785388127854             0.999713349339849             
0.313546423135464             0.999704121071789             
0.314307458143075             0.999694624368789             
0.315068493150685             0.999684852517655             
0.315829528158295             0.999674798482056             
0.316590563165906             0.999664455074885             
0.317351598173516             0.999653814963041             
0.318112633181126             0.999642870697099             
0.318873668188737             0.999631614671243             
0.319634703196347             0.999620039115668             
0.320395738203957             0.999608136056183             
0.321156773211568             0.999595897353044             
0.321917808219178             0.999583314698383             
0.322678843226788             0.999570379744923             
0.323439878234399             0.999557083979321             
0.324200913242009             0.999543418717547             
0.324961948249619             0.999529375072115             
0.32572298325723              0.999514943974187             
0.32648401826484              0.999500116125787             
0.327245053272451             0.999484881954619             
0.328006088280061             0.999469231699013             
0.328767123287671             0.999453155501316             
0.329528158295282             0.999436643447441             
0.330289193302892             0.999419685434081             
0.331050228310502             0.999402271141751             
0.331811263318113             0.999384390030059             
0.332572298325723             0.999366031340068             
0.333333333333333             0.999347184014834             
0.334094368340944             0.999327836790123             
0.334855403348554             0.999307978448566             
0.335616438356164             0.999287597608636             
0.336377473363775             0.999266682683928             
0.337138508371385             0.999245221663597             
0.337899543378995             0.999223202271688             
0.338660578386606             0.99920061201153              
0.339421613394216             0.999177438229124             
0.340182648401826             0.999153668065752             
0.340943683409437             0.999129288437011             
0.341704718417047             0.999104286036433             
0.342465753424658             0.999078647332266             
0.343226788432268             0.999052358559991             
0.343987823439878             0.999025405675924             
0.344748858447489             0.998997774373342             
0.345509893455099             0.998969450103092             
0.346270928462709             0.99894041844227              
0.34703196347032              0.998910664849294             
0.34779299847793              0.998880174516179             
0.34855403348554              0.998848931942592             
0.349315068493151             0.998816921375271             
0.350076103500761             0.998784126806969             
0.350837138508371             0.998750531975061             
0.351598173515982             0.998716120356805             
0.352359208523592             0.998680875171406             
0.353120243531202             0.998644779438961             
0.353881278538813             0.998607815914407             
0.354642313546423             0.998569967085268             
0.355403348554033             0.998531215319362             
0.356164383561644             0.998491542765191             
0.356925418569254             0.998450931303126             
0.357686453576865             0.998409362543502             
0.358447488584475             0.998366817764364             
0.359208523592085             0.998323277967278             
0.359969558599696             0.998278723876281             
0.360730593607306             0.998233136132629             
0.361491628614916             0.998186495361761             
0.362252663622527             0.998138781918637             
0.363013698630137             0.998089975551087             
0.363774733637747             0.998040055516005             
0.364535768645358             0.997989000781028             
0.365296803652968             0.997936790483409             
0.366057838660578             0.997883403591462             
0.366818873668189             0.997828818513138             
0.367579908675799             0.997773013047955             
0.368340943683409             0.997715964698751             
0.36910197869102              0.997657650671141             
0.36986301369863              0.997598047870801             
0.37062404870624              0.997537132908624             
0.371385083713851             0.99747488225788              
0.372146118721461             0.997411272091813             
0.372907153729072             0.997346278282327             
0.373668188736682             0.997279878193191             
0.374429223744292             0.997212049034978             
0.375190258751903             0.997142767758984             
0.375951293759513             0.997072009184204             
0.376712328767123             0.996999747785506             
0.377473363774734             0.996925957736445             
0.378234398782344             0.996850612963749             
0.378995433789954             0.996773687092024             
0.379756468797565             0.996695153443146             
0.380517503805175             0.996614984999196             
0.381278538812785             0.99653315440235              
0.382039573820396             0.996449633988766             
0.382800608828006             0.996364395788101             
0.383561643835616             0.996277412069432             
0.384322678843227             0.996188655042902             
0.385083713850837             0.996098096628866             
0.385844748858447             0.996005708458226             
0.386605783866058             0.995911462088609             
0.387366818873668             0.995815328821317             
0.388127853881279             0.995717279674986             
0.388888888888889             0.995617284593361             
0.389649923896499             0.995515313202477             
0.39041095890411              0.995411334884856             
0.39117199391172              0.995305319567664             
0.39193302891933              0.995197236899694             
0.392694063926941             0.995087056182496             
0.393455098934551             0.994974745936593             
0.394216133942161             0.994860274396677             
0.394977168949772             0.994743609429087             
0.395738203957382             0.994624718497568             
0.396499238964992             0.9945035687792               
0.397260273972603             0.994380128381653             
0.398021308980213             0.994254365646607             
0.398782343987823             0.994126248039226             
0.399543378995434             0.993995741681233             
0.400304414003044             0.993862812434299             
0.401065449010654             0.993727426631031             
0.401826484018265             0.993589550343956             
0.402587519025875             0.993449148889319             
0.403348554033486             0.993306187076886             
0.404109589041096             0.993160630485506             
0.404870624048706             0.993012447384869             
0.405631659056317             0.992861605844603             
0.406392694063927             0.992708069288147             
0.407153729071537             0.992551800060445             
0.407914764079148             0.992392760231849             
0.408675799086758             0.992230911599823             
0.409436834094368             0.992066216633975             
0.410197869101979             0.991898639114029             
0.410958904109589             0.991728142595327             
0.411719939117199             0.991554690411895             
0.41248097412481              0.991378245679594             
0.41324200913242              0.991198773665                
0.41400304414003              0.991016239466249             
0.414764079147641             0.990830606796515             
0.415525114155251             0.9906418374367               
0.416286149162861             0.990449892961551             
0.417047184170472             0.990254735884908             
0.417808219178082             0.9900563287844               
0.418569254185693             0.989854634062471             
0.419330289193303             0.989649613221937             
0.420091324200913             0.989441227181525             
0.420852359208524             0.989229436681932             
0.421613394216134             0.989014202371142             
0.422374429223744             0.988795484826273             
0.423135464231355             0.988573244461356             
0.423896499238965             0.988347441531696             
0.424657534246575             0.988118036074176             
0.425418569254186             0.987884987964024             
0.426179604261796             0.987648256930069             
0.426940639269406             0.987407802655256             
0.427701674277017             0.987163586448085             
0.428462709284627             0.986915569506871             
0.429223744292237             0.986663712925108             
0.429984779299848             0.986407977301466             
0.430745814307458             0.986148321848829             
0.431506849315068             0.985884705671951             
0.432267884322679             0.985617087772251             
0.433028919330289             0.985345427957999             
0.4337899543379               0.985069690756164             
0.43455098934551              0.98478984066047              
0.43531202435312              0.984505838214684             
0.436073059360731             0.98421764245059              
0.436834094368341             0.983925211974103             
0.437595129375951             0.983628504460109             
0.438356164383562             0.983327477518687             
0.439117199391172             0.983022088700524             
0.439878234398782             0.982712296586769             
0.440639269406393             0.982398060560496             
0.441400304414003             0.982079339981265             
0.442161339421613             0.981756094190753             
0.442922374429224             0.981428287686355             
0.443683409436834             0.981095886131816             
0.444444444444444             0.98075885523801              
0.445205479452055             0.980417156928271             
0.445966514459665             0.980070750935617             
0.446727549467275             0.979719597019402             
0.447488584474886             0.979363656086998             
0.448249619482496             0.979002890537272             
0.449010654490107             0.978637262833476             
0.449771689497717             0.978266733592662             
0.450532724505327             0.977891262857673             
0.451293759512938             0.977510810695789             
0.452054794520548             0.977125336548749             
0.452815829528158             0.976734799931948             
0.453576864535769             0.976339160440754             
0.454337899543379             0.975938377756872             
0.455098934550989             0.97553241340559              
0.4558599695586               0.975121230398534             
0.45662100456621              0.974704791873367             
0.45738203957382              0.974283061100524             
0.458143074581431             0.97385600164616              
0.458904109589041             0.973423577300348             
0.459665144596651             0.972985752007505             
0.460426179604262             0.972542489873212             
0.461187214611872             0.972093754171067             
0.461948249619482             0.971639508031246             
0.462709284627093             0.971179714758446             
0.463470319634703             0.97071433783833              
0.464231354642314             0.970243344021701             
0.464992389649924             0.969766701515008             
0.465753424657534             0.969284378742162             
0.466514459665145             0.968796344351451             
0.467275494672755             0.968302564191519             
0.468036529680365             0.967803003802341             
0.468797564687976             0.96729762895686              
0.469558599695586             0.96678640566744              
0.470319634703196             0.966269302376114             
0.471080669710807             0.965746287857871             
0.471841704718417             0.96521733115358              
0.472602739726027             0.964682401306052             
0.473363774733638             0.964141466268959             
0.474124809741248             0.96359449427696              
0.474885844748858             0.963041453851836             
0.475646879756469             0.962482315208889             
0.476407914764079             0.961917051557347             
0.477168949771689             0.961345636418498             
0.4779299847793               0.960768043632012             
0.47869101978691              0.960184244839709             
0.479452054794521             0.959594211240973             
0.480213089802131             0.958997914368138             
0.480974124809741             0.958395326892545             
0.481735159817352             0.957786425728537             
0.482496194824962             0.957171188142455             
0.483257229832572             0.956549590712411             
0.484018264840183             0.955921606861508             
0.484779299847793             0.955287210382386             
0.485540334855403             0.954646375613501             
0.486301369863014             0.953999077725686             
0.487062404870624             0.953345292276284             
0.487823439878234             0.952684995214587             
0.488584474885845             0.952018163177086             
0.489345509893455             0.951344773286879             
0.490106544901065             0.950664803074494             
0.490867579908676             0.949978231367049             
0.491628614916286             0.949285039987083             
0.492389649923896             0.948585211175175             
0.493150684931507             0.947878727594716             
0.493911719939117             0.947165572056181             
0.494672754946728             0.946445727250473             
0.495433789954338             0.94571917630707              
0.496194824961948             0.94498590279859              
0.496955859969559             0.944245889225818             
0.497716894977169             0.943499118407664             
0.498477929984779             0.942745573622595             
0.49923896499239              0.941985238875821             
0.5                           0.941218098928185             
0.50076103500761              0.940444139010628             
0.501522070015221             0.939663344827662             
0.502283105022831             0.93887570256079              
0.503044140030441             0.938081206536666             
0.503805175038052             0.93727985357682              
0.504566210045662             0.936471640948253             
0.505327245053272             0.935656558286124             
0.506088280060883             0.934834594591035             
0.506849315068493             0.934005739362254             
0.507610350076103             0.933169984077882             
0.508371385083714             0.932327320792459             
0.509132420091324             0.931477742062643             
0.509893455098934             0.930621240950119             
0.510654490106545             0.929757809763224             
0.511415525114155             0.928887441091082             
0.512176560121766             0.928010128040824             
0.512937595129376             0.927125864239476             
0.513698630136986             0.926234644325612             
0.514459665144597             0.92533647661939              
0.515220700152207             0.924431369877372             
0.515981735159817             0.923519333124149             
0.516742770167428             0.922600364389858             
0.517503805175038             0.921674462229691             
0.518264840182648             0.920741625725704             
0.519025875190259             0.919801852850567             
0.519786910197869             0.91885514207403              
0.520547945205479             0.917901492405699             
0.52130898021309              0.916940903396168             
0.5220700152207               0.915973379015698             
0.52283105022831              0.914998926427793             
0.523592085235921             0.914017553296829             
0.524353120243531             0.913029267788268             
0.525114155251142             0.912034079499415             
0.525875190258752             0.911032003107679             
0.526636225266362             0.910023053744107             
0.527397260273973             0.909007246059823             
0.528158295281583             0.907984588325352             
0.528919330289193             0.906955089332641             
0.529680365296804             0.905918758337219             
0.530441400304414             0.904875604056254             
0.531202435312024             0.903825635736501             
0.531963470319635             0.902768863153941             
0.532724505327245             0.901705296613381             
0.533485540334855             0.900634949018467             
0.534246575342466             0.89955783489951              
0.535007610350076             0.898473969286766             
0.535768645357686             0.897383367709095             
0.536529680365297             0.896286047955368             
0.537290715372907             0.895182035123231             
0.538051750380517             0.894071354715679             
0.538812785388128             0.892954032639967             
0.539573820395738             0.891830087959956             
0.540334855403348             0.890699539740409             
0.541095890410959             0.889562407529632             
0.541856925418569             0.888418709798905             
0.54261796042618              0.887268464665514             
0.54337899543379              0.886111690748023             
0.5441400304414               0.884948407164352             
0.544901065449011             0.883778634220335             
0.545662100456621             0.882602395968301             
0.546423135464231             0.881419716913331             
0.547184170471842             0.88023062201058              
0.547945205479452             0.879035136662495             
0.548706240487062             0.877833291677184             
0.549467275494673             0.876625120840726             
0.550228310502283             0.875410658285951             
0.550989345509893             0.874189938489797             
0.551750380517504             0.872962994389549             
0.552511415525114             0.87172985790803              
0.553272450532724             0.870490561346397             
0.554033485540335             0.869245137392968             
0.554794520547945             0.867993619327661             
0.555555555555556             0.866736040796363             
0.556316590563166             0.865472435807791             
0.557077625570776             0.864202837640996             
0.557838660578387             0.862927279174858             
0.558599695585997             0.861645793665715             
0.559360730593607             0.860358414296119             
0.560121765601218             0.859065170034237             
0.560882800608828             0.857766090276461             
0.561643835616438             0.85646120484351              
0.562404870624049             0.85515054397647              
0.563165905631659             0.853834138332805             
0.563926940639269             0.852512022204377             
0.56468797564688              0.851184239441586             
0.56544901065449              0.849850834128685             
0.5662100456621               0.848511850580149             
0.566971080669711             0.847167333337028             
0.567732115677321             0.84581732399872              
0.568493150684931             0.844461863073923             
0.569254185692542             0.84310099135498              
0.570015220700152             0.841734749913589             
0.570776255707762             0.840363180375921             
0.571537290715373             0.838986327623075             
0.572298325722983             0.837604236752345             
0.573059360730594             0.8362169530731               
0.573820395738204             0.834824522102631             
0.574581430745814             0.833426989475401             
0.575342465753425             0.832024399851293             
0.576103500761035             0.830616798104708             
0.576864535768645             0.829204229319348             
0.577625570776256             0.82778673878302              
0.578386605783866             0.826364371982432             
0.579147640791476             0.824937193494118             
0.579908675799087             0.823505268020569             
0.580669710806697             0.822068654593601             
0.581430745814307             0.820627399458147             
0.582191780821918             0.819181549031392             
0.582952815829528             0.817731147708022             
0.583713850837138             0.816276238607132             
0.584474885844749             0.814816865065186             
0.585235920852359             0.81335307063111              
0.58599695585997              0.811884901918794             
0.58675799086758              0.810412408112981             
0.58751902587519              0.808935638508847             
0.588280060882801             0.807454642507306             
0.589041095890411             0.80596947198611              
0.589802130898021             0.804480181894107             
0.590563165905632             0.802986827172544             
0.591324200913242             0.801489462751479             
0.592085235920852             0.799988140684192             
0.592846270928463             0.798482911975571             
0.593607305936073             0.796973827681283             
0.594368340943683             0.795460938902663             
0.595129375951294             0.793944311247911             
0.595890410958904             0.792424010502752             
0.596651445966514             0.790900091633388             
0.597412480974125             0.789372605569429             
0.598173515981735             0.787841601171117             
0.598934550989345             0.786307124952637             
0.599695585996956             0.784769223527359             
0.600456621004566             0.783227943602779             
0.601217656012176             0.7816833366537               
0.601978691019787             0.780135458564041             
0.602739726027397             0.778584365124286             
0.603500761035008             0.777030112080979             
0.604261796042618             0.775472756991691             
0.605022831050228             0.773912357267856             
0.605783866057839             0.772348970171353             
0.606544901065449             0.770782656642555             
0.607305936073059             0.769213481105529             
0.60806697108067              0.767641503801916             
0.60882800608828              0.76606677777081              
0.60958904109589              0.764489355617842             
0.610350076103501             0.762909288407031             
0.611111111111111             0.761326627142392             
0.611872146118721             0.759741422763977             
0.612633181126332             0.758153728949158             
0.613394216133942             0.756563599907451             
0.614155251141552             0.754971089701043             
0.614916286149163             0.753376253216868             
0.615677321156773             0.751779146677197             
0.616438356164384             0.750179826092974             
0.617199391171994             0.748578347202431             
0.617960426179604             0.746974764328961             
0.618721461187215             0.745369131605384             
0.619482496194825             0.743761502970867             
0.620243531202435             0.74215193711055              
0.621004566210046             0.740540494830648             
0.621765601217656             0.738927236561427             
0.622526636225266             0.73731221715191              
0.623287671232877             0.735695490143097             
0.624048706240487             0.734077108848599             
0.624809741248097             0.732457130172811             
0.625570776255708             0.730835610829015             
0.626331811263318             0.729212606063006             
0.627092846270928             0.727588168934182             
0.627853881278539             0.725962352245598             
0.628614916286149             0.724335210571733             
0.629375951293759             0.722706798809301             
0.63013698630137              0.721077171530304             
0.63089802130898              0.719446376235317             
0.63165905631659              0.717814459744275             
0.632420091324201             0.716181468714077             
0.633181126331811             0.714547449634586             
0.633942161339422             0.712912453372125             
0.634703196347032             0.711276556884224             
0.635464231354642             0.709639829544533             
0.636225266362253             0.708002315297597             
0.636986301369863             0.706364057938136             
0.637747336377473             0.704725101107812             
0.638508371385084             0.703085488622625             
0.639269406392694             0.701445273208374             
0.640030441400304             0.699804507204283             
0.640791476407915             0.698163242562732             
0.641552511415525             0.696521530849022             
0.642313546423135             0.69487942831238              
0.643074581430746             0.693236991907926             
0.643835616438356             0.691594278032148             
0.644596651445966             0.689951336967068             
0.645357686453577             0.688308217982835             
0.646118721461187             0.686664969966998             
0.646879756468798             0.685021655161992             
0.647640791476408             0.683378332716856             
0.648401826484018             0.681735049727856             
0.649162861491629             0.680091851061599             
0.649923896499239             0.678448778594512             
0.650684931506849             0.676805873946143             
0.65144596651446              0.675163178477336             
0.65220700152207              0.673520740478835             
0.65296803652968              0.671878609518566             
0.653729071537291             0.670236834668931             
0.654490106544901             0.668595463585297             
0.655251141552511             0.666954542459619             
0.656012176560122             0.665314117049295             
0.656773211567732             0.663674232672541             
0.657534246575342             0.662034934168571             
0.658295281582953             0.660396265947618             
0.659056316590563             0.658758271992286             
0.659817351598173             0.657120996037739             
0.660578386605784             0.655484482249347             
0.661339421613394             0.65384877433937              
0.662100456621004             0.652213915568521             
0.662861491628615             0.650579950467742             
0.663622526636225             0.648946931184272             
0.664383561643836             0.647314909110805             
0.665144596651446             0.645683928532701             
0.665905631659056             0.644054030514385             
0.666666666666667             0.642425256660529             
0.667427701674277             0.640797651877798             
0.668188736681887             0.639171259496818             
0.668949771689498             0.637546114338191             
0.669710806697108             0.635922250906094             
0.670471841704718             0.634299703387789             
0.671232876712329             0.632678508600416             
0.671993911719939             0.631058721018594             
0.672754946727549             0.629440388811377             
0.67351598173516              0.627823544972392             
0.67427701674277              0.626208222169903             
0.67503805175038              0.624594452747266             
0.675799086757991             0.622982274116678             
0.676560121765601             0.621371724253576             
0.677321156773212             0.619762840625681             
0.678082191780822             0.618155659875507             
0.678843226788432             0.616550217592264             
0.679604261796043             0.61494654889707              
0.680365296803653             0.613344688446322             
0.681126331811263             0.61174467116181              
0.681887366818874             0.610146531920394             
0.682648401826484             0.608550305107216             
0.683409436834094             0.606956024619089             
0.684170471841705             0.605363735493344             
0.684931506849315             0.603773481179808             
0.685692541856925             0.602185293594117             
0.686453576864536             0.600599202941876             
0.687214611872146             0.599015238190371             
0.687975646879756             0.597433427914943             
0.688736681887367             0.595853803131255             
0.689497716894977             0.594276394427151             
0.690258751902587             0.592701233106526             
0.691019786910198             0.59112835226613              
0.691780821917808             0.589557784419049             
0.692541856925418             0.58798955876826              
0.693302891933029             0.586423703924635             
0.694063926940639             0.584860248303287             
0.69482496194825              0.583299220058525             
0.69558599695586              0.581740646867038             
0.69634703196347              0.580184556351187             
0.697108066971081             0.578630975712223             
0.697869101978691             0.57707993142668              
0.698630136986301             0.575531448174871             
0.699391171993912             0.573985550274132             
0.700152207001522             0.572442261727133             
0.700913242009132             0.570901606890958             
0.701674277016743             0.569363611569255             
0.702435312024353             0.567828301244545             
0.703196347031963             0.566295701074647             
0.703957382039574             0.564765833367213             
0.704718417047184             0.563238714670188             
0.705479452054794             0.561714361357832             
0.706240487062405             0.560192797639099             
0.707001522070015             0.558674048165053             
0.707762557077626             0.557158139806894             
0.708523592085236             0.555645102105959             
0.709284627092846             0.554134958444415             
0.710045662100457             0.552627730174864             
0.710806697108067             0.551123436924289             
0.711567732115677             0.549622098600293             
0.712328767123288             0.548123737046233             
0.713089802130898             0.546628373594555             
0.713850837138508             0.545136026741558             
0.714611872146119             0.543646714270018             
0.715372907153729             0.54216045356523              
0.716133942161339             0.54067726188306              
0.71689497716895              0.539197158904079             
0.71765601217656              0.53772016381468              
0.71841704718417              0.536246295314282             
0.719178082191781             0.534775573219507             
0.719939117199391             0.533308022394933             
0.720700152207001             0.531843665658426             
0.721461187214612             0.530382520176908             
0.722222222222222             0.528924602683494             
0.722983257229832             0.52746992961867              
0.723744292237443             0.526018516687697             
0.724505327245053             0.524570377035209             
0.725266362252664             0.523125523447559             
0.726027397260274             0.521683968357649             
0.726788432267884             0.520245725514154             
0.727549467275495             0.518810808890933             
0.728310502283105             0.51737923203954              
0.729071537290715             0.51595100816614              
0.729832572298326             0.514526154264804             
0.730593607305936             0.513104686750131             
0.731354642313546             0.511686619306933             
0.732115677321157             0.510271963794827             
0.732876712328767             0.508860731674206             
0.733637747336377             0.507452934654438             
0.734398782343988             0.5060485840437               
0.735159817351598             0.504647692124529             
0.735920852359208             0.503250273522877             
0.736681887366819             0.501856339611612             
0.737442922374429             0.500465900089376             
0.73820395738204              0.499078962430529             
0.73896499238965              0.497695533808223             
0.73972602739726              0.496315622049252             
0.740487062404871             0.494939236057586             
0.741248097412481             0.493566384358618             
0.742009132420091             0.492197076014369             
0.742770167427702             0.490831320194734             
0.743531202435312             0.489469125312147             
0.744292237442922             0.488110498781267             
0.745053272450533             0.48675544765752              
0.745814307458143             0.485403978667293             
0.746575342465753             0.484056098188659             
0.747336377473364             0.482711812474153             
0.748097412480974             0.481371127549201             
0.748858447488584             0.480034048916995             
0.749619482496195             0.478700581079855             
0.750380517503805             0.477370728245142             
0.751141552511415             0.476044494381892             
0.751902587519026             0.47472188431726              
0.752663622526636             0.47340290254949              
0.753424657534246             0.472087553254406             
0.754185692541857             0.470775841220556             
0.754946727549467             0.469467771078855             
0.755707762557078             0.468163347037004             
0.756468797564688             0.466862572393019             
0.757229832572298             0.465565450136698             
0.757990867579909             0.464271984830102             
0.758751902587519             0.4629821834765               
0.759512937595129             0.461696048324197             
0.76027397260274              0.460413579454172             
0.76103500761035              0.459134776364156             
0.76179604261796              0.457859638360465             
0.762557077625571             0.456588166369087             
0.763318112633181             0.45532036162805              
0.764079147640791             0.454056225098079             
0.764840182648402             0.452795758129379             
0.765601217656012             0.451538962155514             
0.766362252663622             0.450285838276673             
0.767123287671233             0.449036386697968             
0.767884322678843             0.447790607361687             
0.768645357686454             0.44654850030305              
0.769406392694064             0.445310065764851             
0.770167427701674             0.444075303613432             
0.770928462709285             0.442844213042883             
0.771689497716895             0.441616793000827             
0.772450532724505             0.440393043007825             
0.773211567732116             0.439172962337785             
0.773972602739726             0.437956549432742             
0.774733637747336             0.43674380248143              
0.775494672754947             0.435534719357318             
0.776255707762557             0.434329297758265             
0.777016742770167             0.433127535438606             
0.777777777777778             0.431929429893707             
0.778538812785388             0.430734977900754             
0.779299847792998             0.429544176049746             
0.780060882800609             0.428357021246766             
0.780821917808219             0.427173510960658             
0.781582952815829             0.425993640972953             
0.78234398782344              0.42481739116711              
0.78310502283105              0.423644741434096             
0.78386605783866              0.422475683227163             
0.784627092846271             0.421310211782051             
0.785388127853881             0.420148322204478             
0.786149162861492             0.418990009965065             
0.786910197869102             0.417835270401188             
0.787671232876712             0.416684098833022             
0.788432267884323             0.415536491090714             
0.789193302891933             0.414392442834116             
0.789954337899543             0.413251949208579             
0.790715372907154             0.412115005180833             
0.791476407914764             0.410981606167769             
0.792237442922374             0.409851747748472             
0.792998477929985             0.408725424777885             
0.793759512937595             0.407602631763582             
0.794520547945205             0.406483362517194             
0.795281582952816             0.405367610744816             
0.796042617960426             0.40425537033105              
0.796803652968036             0.403146635818744             
0.797564687975647             0.402041401606326             
0.798325722983257             0.40093966224744              
0.799086757990868             0.399841413034763             
0.799847792998478             0.398746648996415             
0.800608828006088             0.397655364490532             
0.801369863013699             0.396567553723964             
0.802130898021309             0.395483212117713             
0.802891933028919             0.394402334452596             
0.80365296803653              0.393324914850221             
0.80441400304414              0.39225094510745              
0.80517503805175              0.391180416892158             
0.805936073059361             0.390113319306071             
0.806697108066971             0.389049633894101             
0.807458143074581             0.387989316432278             
0.808219178082192             0.38693232327871              
0.808980213089802             0.385878638472961             
0.809741248097412             0.384828250031351             
0.810502283105023             0.383781151989487             
0.811263318112633             0.382737338271795             
0.812024353120243             0.381696803687969             
0.812785388127854             0.380659543565253             
0.813546423135464             0.379625553117747             
0.814307458143074             0.378594827500244             
0.815068493150685             0.377567362490894             
0.815829528158295             0.376543153066484             
0.816590563165906             0.375522192868747             
0.817351598173516             0.374504475188704             
0.818112633181126             0.373489993217443             
0.818873668188737             0.372478740311549             
0.819634703196347             0.371470710076123             
0.820395738203957             0.370465895995897             
0.821156773211568             0.369464291438966             
0.821917808219178             0.3684658900832               
0.822678843226788             0.367470685518428             
0.823439878234399             0.366478671205802             
0.824200913242009             0.365489840949628             
0.824961948249619             0.364504189446096             
0.82572298325723              0.363521710847028             
0.82648401826484              0.362542398307446             
0.82724505327245              0.361566244965949             
0.828006088280061             0.360593244151877             
0.828767123287671             0.359623388522137             
0.829528158295282             0.358656670116974             
0.830289193302892             0.357693080907009             
0.831050228310502             0.356732612795583             
0.831811263318113             0.355775258898299             
0.832572298325723             0.354821013039592             
0.833333333333333             0.35386986828529              
0.834094368340944             0.352921816759096             
0.834855403348554             0.351976850503881             
0.835616438356164             0.351034961678279             
0.836377473363775             0.350096142588673             
0.837138508371385             0.349160385447681             
0.837899543378995             0.348227682821556             
0.838660578386606             0.347298027767816             
0.839421613394216             0.346371412683075             
0.840182648401826             0.345447829550322             
0.840943683409437             0.344527269959313             
0.841704718417047             0.34360972536107              
0.842465753424657             0.342695187151099             
0.843226788432268             0.341783647127404             
0.843987823439878             0.340875097056685             
0.844748858447488             0.339969528632041             
0.845509893455099             0.339066934734085             
0.846270928462709             0.338167307582059             
0.84703196347032              0.337270638733912             
0.84779299847793              0.336376919186023             
0.84855403348554              0.335486139899014             
0.849315068493151             0.334598291839794             
0.850076103500761             0.33371336755404              
0.850837138508371             0.332831358975171             
0.851598173515982             0.331952257471581             
0.852359208523592             0.331076054265657             
0.853120243531202             0.330202740552718             
0.853881278538813             0.329332307634126             
0.854642313546423             0.328464746809618             
0.855403348554033             0.327600049441535             
0.856164383561644             0.326738206793685             
0.856925418569254             0.325879210056148             
0.857686453576864             0.325023050818148             
0.858447488584475             0.324169720329253             
0.859208523592085             0.323319209646412             
0.859969558599696             0.322471509780819             
0.860730593607306             0.321626611838007             
0.861491628614916             0.320784506911598             
0.862252663622527             0.31994518607707              
0.863013698630137             0.319108640396382             
0.863774733637747             0.318274860776913             
0.864535768645358             0.317443838090986             
0.865296803652968             0.316615563384952             
0.866057838660578             0.315790027712761             
0.866818873668189             0.314967222340538             
0.867579908675799             0.314147138360714             
0.868340943683409             0.313329766718827             
0.86910197869102              0.312515098105461             
0.86986301369863              0.311703123203054             
0.87062404870624              0.310893832881638             
0.871385083713851             0.310087218147577             
0.872146118721461             0.309283269984688             
0.872907153729071             0.308481980120454             
0.873668188736682             0.307683339867123             
0.874429223744292             0.306887340199576             
0.875190258751902             0.306093972058527             
0.875951293759513             0.305303226444608             
0.876712328767123             0.30451509452507              
0.877473363774734             0.303729567447563             
0.878234398782344             0.302946636113752             
0.878995433789954             0.302166291374487             
0.879756468797565             0.301388524256623             
0.880517503805175             0.30061332592527              
0.881278538812785             0.299840687495722             
0.882039573820396             0.299070599876413             
0.882800608828006             0.29830305382489              
0.883561643835616             0.297538040245767             
0.884322678843227             0.296775550780936             
0.885083713850837             0.296015576498158             
0.885844748858447             0.295258108322573             
0.886605783866058             0.29450313718604              
0.887366818873668             0.293750654204296             
0.888127853881278             0.293000650482832             
0.888888888888889             0.292253117113071             
0.889649923896499             0.291508045217299             
0.89041095890411              0.290765425989184             
0.89117199391172              0.290025250740078             
0.89193302891933              0.28928751113585              
0.892694063926941             0.288552198381833             
0.893455098934551             0.287819303454712             
0.894216133942161             0.287088817346506             
0.894977168949772             0.286360731377227             
0.895738203957382             0.285635037026112             
0.896499238964992             0.284911725657561             
0.897260273972603             0.284190788610478             
0.898021308980213             0.283472217407378             
0.898782343987823             0.282756003512269             
0.899543378995434             0.282042138328652             
0.900304414003044             0.281330613343646             
0.901065449010654             0.280621420015583             
0.901826484018265             0.279914549787537             
0.902587519025875             0.279209994097047             
0.903348554033485             0.278507744455441             
0.904109589041096             0.27780779259918              
0.904870624048706             0.277110130191293             
0.905631659056316             0.276414748641902             
0.906392694063927             0.275721639470771             
0.907153729071537             0.275030794271515             
0.907914764079148             0.274342204686571             
0.908675799086758             0.273655862493719             
0.909436834094368             0.272971759433767             
0.910197869101979             0.272289887280659             
0.910958904109589             0.271610237802389             
0.911719939117199             0.27093280272118              
0.91248097412481              0.270257573814595             
0.91324200913242              0.26958454290204              
0.91400304414003              0.268913701819836             
0.914764079147641             0.268245042375253             
0.915525114155251             0.267578556425286             
0.916286149162861             0.266914236012511             
0.917047184170472             0.266252073082052             
0.917808219178082             0.265592059477135             
0.918569254185692             0.264934187141128             
0.919330289193303             0.264278448184423             
0.920091324200913             0.263624834560794             
0.920852359208524             0.26297333831647              
0.921613394216134             0.26232395163975              
0.922374429223744             0.261676666795073             
0.923135464231355             0.261031475909114             
0.923896499238965             0.260388371138833             
0.924657534246575             0.259747344650283             
0.925418569254186             0.259108388659483             
0.926179604261796             0.258471495405489             
0.926940639269406             0.257836657183307             
0.927701674277017             0.257203866326799             
0.928462709284627             0.256573115229012             
0.929223744292237             0.255944396230384             
0.929984779299848             0.255317701649069             
0.930745814307458             0.254693023877419             
0.931506849315068             0.254070355309655             
0.932267884322679             0.253449688397965             
0.933028919330289             0.252831015758007             
0.933789954337899             0.252214329920954             
0.93455098934551              0.25159962340513              
0.93531202435312              0.25098688874965              
0.93607305936073              0.250376118553936             
0.936834094368341             0.249767305397816             
0.937595129375951             0.249160441881457             
0.938356164383562             0.248555520698127             
0.939117199391172             0.247952534563839             
0.939878234398782             0.247351476225748             
0.940639269406393             0.246752338464874             
0.941400304414003             0.246155114059708             
0.942161339421613             0.245559795795125             
0.942922374429224             0.244966376457471             
0.943683409436834             0.244374848966273             
0.944444444444444             0.243785206198515             
0.945205479452055             0.243197441047639             
0.945966514459665             0.242611546415834             
0.946727549467275             0.242027515316595             
0.947488584474886             0.241445340778635             
0.948249619482496             0.240865015730254             
0.949010654490106             0.240286533271991             
0.949771689497717             0.239709886468613             
0.950532724505327             0.239135068412582             
0.951293759512938             0.238562072259225             
0.952054794520548             0.237990891105497             
0.952815829528158             0.237421518141553             
0.953576864535769             0.236853946570623             
0.954337899543379             0.236288169634573             
0.955098934550989             0.235724180565262             
0.9558599695586               0.2351619726287               
0.95662100456621              0.234601539099807             
0.95738203957382              0.234042873278506             
0.958143074581431             0.233485968461983             
0.958904109589041             0.232930817920503             
0.959665144596651             0.232377414963003             
0.960426179604262             0.231825752900097             
0.961187214611872             0.231275825030874             
0.961948249619482             0.230727624675535             
0.962709284627093             0.23018114514544              
0.963470319634703             0.229636379777397             
0.964231354642313             0.229093321914837             
0.964992389649924             0.228551964920847             
0.965753424657534             0.22801230217758              
0.966514459665144             0.227474327094324             
0.967275494672755             0.226938033107823             
0.968036529680365             0.226403413691388             
0.968797564687976             0.225870462361856             
0.969558599695586             0.225339172680045             
0.970319634703196             0.224809538266826             
0.971080669710807             0.224281552797431             
0.971841704718417             0.223755210000894             
0.972602739726027             0.223230503676211             
0.973363774733638             0.222707427721698             
0.974124809741248             0.222185976048066             
0.974885844748858             0.22166614265426              
0.975646879756469             0.221147921576986             
0.976407914764079             0.220631306913929             
0.977168949771689             0.220116292802334             
0.9779299847793               0.219602873397846             
0.97869101978691              0.219091042939029             
0.97945205479452              0.218580795646307             
0.980213089802131             0.218072125787647             
0.980974124809741             0.217565027639699             
0.981735159817352             0.217059495517805             
0.982496194824962             0.2165555237417               
0.983257229832572             0.216053106653102             
0.984018264840183             0.215552238603027             
0.984779299847793             0.215052913963439             
0.985540334855403             0.214555127115954             
0.986301369863014             0.214058872468254             
0.987062404870624             0.21356414442617              
0.987823439878234             0.213070937415412             
0.988584474885845             0.212579245858343             
0.989345509893455             0.212089064186121             
0.990106544901065             0.211600386835104             
0.990867579908676             0.21111320825288              
0.991628614916286             0.210627522889735             
0.992389649923896             0.210143325206459             
0.993150684931507             0.209660609672128             
0.993911719939117             0.209179370745123             
0.994672754946727             0.208699602908385             
0.995433789954338             0.208221300691434             
0.996194824961948             0.207744458658787             
0.996955859969558             0.207269071353573             
0.997716894977169             0.20679513329977              
0.998477929984779             0.206322639020832             
0.99923896499239              0.205851583051013             
1.0                           0.205381959939435             
