time relative to tcryst: 4706089.502183542 years
r/r_wd                        B/B0
0.00076103500761035           0.999999999999999             
0.0015220700152207            1.0                           
0.00228310502283105           1.0                           
0.0030441400304414            0.999999999999999             
0.00380517503805175           1.0                           
0.0045662100456621            1.0                           
0.00532724505327245           1.0                           
0.0060882800608828            1.0                           
0.00684931506849315           1.0                           
0.0076103500761035            1.0                           
0.00837138508371385           1.0                           
0.0091324200913242            1.0                           
0.00989345509893455           1.0                           
0.0106544901065449            1.0                           
0.0114155251141553            1.0                           
0.0121765601217656            1.0                           
0.012937595129376             1.0                           
0.0136986301369863            1.0                           
0.0144596651445967            1.0                           
0.015220700152207             0.999999999999999             
0.0159817351598174            0.999999999999998             
0.0167427701674277            0.999999999999999             
0.0175038051750381            1.0                           
0.0182648401826484            1.0                           
0.0190258751902588            0.999999999999998             
0.0197869101978691            0.999999999999997             
0.0205479452054795            0.999999999999996             
0.0213089802130898            0.999999999999999             
0.0220700152207002            0.999999999999999             
0.0228310502283105            1.0                           
0.0235920852359209            1.0                           
0.0243531202435312            1.0                           
0.0251141552511416            1.0                           
0.0258751902587519            1.0                           
0.0266362252663623            1.00000000000001              
0.0273972602739726            1.00000000000001              
0.028158295281583             1.0                           
0.0289193302891933            1.0                           
0.0296803652968037            1.0                           
0.030441400304414             1.0                           
0.0312024353120244            1.0                           
0.0319634703196347            0.999999999999999             
0.0327245053272451            1.0                           
0.0334855403348554            1.0                           
0.0342465753424658            1.0                           
0.0350076103500761            1.0                           
0.0357686453576865            0.999999999999999             
0.0365296803652968            0.999999999999999             
0.0372907153729072            0.999999999999999             
0.0380517503805175            0.999999999999999             
0.0388127853881279            1.0                           
0.0395738203957382            1.0                           
0.0403348554033486            1.00000000000001              
0.0410958904109589            1.00000000000001              
0.0418569254185693            1.00000000000001              
0.0426179604261796            1.00000000000001              
0.04337899543379              1.00000000000002              
0.0441400304414003            1.00000000000001              
0.0449010654490107            1.00000000000001              
0.045662100456621             1.00000000000001              
0.0464231354642314            1.00000000000001              
0.0471841704718417            1.0                           
0.0479452054794521            1.0                           
0.0487062404870624            1.0                           
0.0494672754946728            1.0                           
0.0502283105022831            0.999999999999999             
0.0509893455098935            1.0                           
0.0517503805175038            1.0                           
0.0525114155251142            1.0                           
0.0532724505327245            1.0                           
0.0540334855403349            1.0                           
0.0547945205479452            1.0                           
0.0555555555555556            1.0                           
0.0563165905631659            1.0                           
0.0570776255707763            0.999999999999999             
0.0578386605783866            1.0                           
0.058599695585997             1.0                           
0.0593607305936073            1.0                           
0.0601217656012177            1.0                           
0.060882800608828             0.999999999999999             
0.0616438356164384            1.0                           
0.0624048706240487            1.0                           
0.0631659056316591            1.0                           
0.0639269406392694            1.0                           
0.0646879756468798            1.0                           
0.0654490106544901            1.0                           
0.0662100456621005            0.999999999999999             
0.0669710806697108            0.999999999999998             
0.0677321156773212            1.0                           
0.0684931506849315            1.0                           
0.0692541856925419            1.0                           
0.0700152207001522            1.0                           
0.0707762557077626            1.0                           
0.0715372907153729            1.0                           
0.0722983257229833            1.0                           
0.0730593607305936            1.0                           
0.073820395738204             1.0                           
0.0745814307458143            0.999999999999999             
0.0753424657534247            0.999999999999999             
0.076103500761035             0.999999999999999             
0.0768645357686454            0.999999999999998             
0.0776255707762557            0.999999999999999             
0.0783866057838661            1.0                           
0.0791476407914764            0.999999999999998             
0.0799086757990868            0.999999999999998             
0.0806697108066971            0.999999999999997             
0.0814307458143075            0.999999999999997             
0.0821917808219178            0.999999999999996             
0.0829528158295282            0.999999999999996             
0.0837138508371385            0.999999999999996             
0.0844748858447489            0.999999999999998             
0.0852359208523592            0.999999999999998             
0.0859969558599696            1.0                           
0.0867579908675799            1.0                           
0.0875190258751903            1.0                           
0.0882800608828006            1.0                           
0.089041095890411             1.0                           
0.0898021308980213            1.0                           
0.0905631659056317            1.0                           
0.091324200913242             1.0                           
0.0920852359208524            1.0                           
0.0928462709284627            0.999999999999999             
0.0936073059360731            0.999999999999999             
0.0943683409436834            1.0                           
0.0951293759512938            0.999999999999999             
0.0958904109589041            0.999999999999998             
0.0966514459665145            1.0                           
0.0974124809741248            0.999999999999999             
0.0981735159817352            0.999999999999999             
0.0989345509893455            1.0                           
0.0996955859969559            1.0                           
0.100456621004566             0.999999999999997             
0.101217656012177             0.999999999999998             
0.101978691019787             0.999999999999997             
0.102739726027397             1.0                           
0.103500761035008             1.0                           
0.104261796042618             1.0                           
0.105022831050228             1.0                           
0.105783866057839             1.0                           
0.106544901065449             1.0                           
0.107305936073059             1.0                           
0.10806697108067              1.0                           
0.10882800608828              1.0                           
0.10958904109589              1.00000000000001              
0.110350076103501             1.00000000000001              
0.111111111111111             1.00000000000001              
0.111872146118721             1.00000000000001              
0.112633181126332             1.00000000000001              
0.113394216133942             1.00000000000001              
0.114155251141553             1.0                           
0.114916286149163             1.0                           
0.115677321156773             1.0                           
0.116438356164384             1.0                           
0.117199391171994             0.999999999999999             
0.117960426179604             0.999999999999996             
0.118721461187215             0.999999999999997             
0.119482496194825             0.999999999999996             
0.120243531202435             0.999999999999996             
0.121004566210046             0.999999999999997             
0.121765601217656             0.999999999999997             
0.122526636225266             0.999999999999997             
0.123287671232877             0.999999999999997             
0.124048706240487             0.999999999999997             
0.124809741248097             0.999999999999999             
0.125570776255708             0.999999999999997             
0.126331811263318             0.999999999999997             
0.127092846270928             0.999999999999995             
0.127853881278539             0.999999999999998             
0.128614916286149             0.999999999999998             
0.12937595129376              1.0                           
0.13013698630137              0.999999999999998             
0.13089802130898              0.999999999999997             
0.131659056316591             0.999999999999999             
0.132420091324201             1.0                           
0.133181126331811             0.999999999999999             
0.133942161339422             0.999999999999998             
0.134703196347032             0.999999999999997             
0.135464231354642             1.0                           
0.136225266362253             0.999999999999999             
0.136986301369863             0.999999999999999             
0.137747336377473             1.0                           
0.138508371385084             1.0                           
0.139269406392694             1.0                           
0.140030441400304             1.0                           
0.140791476407915             0.999999999999998             
0.141552511415525             0.999999999999998             
0.142313546423135             1.0                           
0.143074581430746             1.0                           
0.143835616438356             0.999999999999999             
0.144596651445967             0.999999999999998             
0.145357686453577             0.999999999999996             
0.146118721461187             0.999999999999996             
0.146879756468798             0.999999999999997             
0.147640791476408             0.999999999999998             
0.148401826484018             0.999999999999997             
0.149162861491629             0.999999999999999             
0.149923896499239             0.999999999999999             
0.150684931506849             1.0                           
0.15144596651446              1.0                           
0.15220700152207              1.0                           
0.15296803652968              1.0                           
0.153729071537291             1.0                           
0.154490106544901             1.0                           
0.155251141552511             1.0                           
0.156012176560122             0.999999999999999             
0.156773211567732             0.999999999999999             
0.157534246575342             0.999999999999999             
0.158295281582953             0.999999999999998             
0.159056316590563             0.999999999999998             
0.159817351598174             0.999999999999998             
0.160578386605784             0.999999999999999             
0.161339421613394             1.0                           
0.162100456621005             0.999999999999998             
0.162861491628615             1.0                           
0.163622526636225             1.0                           
0.164383561643836             1.0                           
0.165144596651446             1.0                           
0.165905631659056             1.0                           
0.166666666666667             1.0                           
0.167427701674277             1.0                           
0.168188736681887             1.0                           
0.168949771689498             1.0                           
0.169710806697108             1.0                           
0.170471841704718             1.0                           
0.171232876712329             1.0                           
0.171993911719939             1.0                           
0.172754946727549             1.0                           
0.17351598173516              1.0                           
0.17427701674277              1.00000000000001              
0.175038051750381             1.0                           
0.175799086757991             1.00000000000001              
0.176560121765601             1.00000000000001              
0.177321156773212             1.00000000000001              
0.178082191780822             1.0                           
0.178843226788432             1.0                           
0.179604261796043             1.0                           
0.180365296803653             1.0                           
0.181126331811263             0.999999999999999             
0.181887366818874             0.999999999999998             
0.182648401826484             1.0                           
0.183409436834094             1.0                           
0.184170471841705             1.0                           
0.184931506849315             1.0                           
0.185692541856925             1.0                           
0.186453576864536             1.0                           
0.187214611872146             1.0                           
0.187975646879756             1.0                           
0.188736681887367             1.0                           
0.189497716894977             1.0                           
0.190258751902588             1.0                           
0.191019786910198             1.0                           
0.191780821917808             1.0                           
0.192541856925419             1.0                           
0.193302891933029             1.0                           
0.194063926940639             1.0                           
0.19482496194825              1.0                           
0.19558599695586              1.0                           
0.19634703196347              1.0                           
0.197108066971081             1.0                           
0.197869101978691             1.0                           
0.198630136986301             1.0                           
0.199391171993912             1.0                           
0.200152207001522             1.0                           
0.200913242009132             1.0                           
0.201674277016743             1.0                           
0.202435312024353             1.0                           
0.203196347031963             1.0                           
0.203957382039574             1.0                           
0.204718417047184             1.0                           
0.205479452054795             1.0                           
0.206240487062405             1.0                           
0.207001522070015             1.0                           
0.207762557077626             1.0                           
0.208523592085236             1.0                           
0.209284627092846             1.0                           
0.210045662100457             1.0                           
0.210806697108067             1.0                           
0.211567732115677             1.0                           
0.212328767123288             1.0                           
0.213089802130898             1.0                           
0.213850837138508             1.0                           
0.214611872146119             1.0                           
0.215372907153729             1.0                           
0.216133942161339             1.0                           
0.21689497716895              1.0                           
0.21765601217656              1.0                           
0.21841704718417              1.0                           
0.219178082191781             0.999999999999998             
0.219939117199391             0.999999999999998             
0.220700152207002             0.999999999999998             
0.221461187214612             0.999999999999999             
0.222222222222222             0.999999999999999             
0.222983257229833             0.999999999999999             
0.223744292237443             1.0                           
0.224505327245053             0.999999999999999             
0.225266362252664             0.999999999999998             
0.226027397260274             0.999999999999999             
0.226788432267884             0.999999999999997             
0.227549467275495             0.999999999999999             
0.228310502283105             0.999999999999998             
0.229071537290715             0.999999999999998             
0.229832572298326             0.999999999999998             
0.230593607305936             0.999999999999997             
0.231354642313546             0.999999999999997             
0.232115677321157             0.999999999999995             
0.232876712328767             0.999999999999995             
0.233637747336377             0.999999999999992             
0.234398782343988             0.999999999999993             
0.235159817351598             0.999999999999994             
0.235920852359209             0.999999999999996             
0.236681887366819             0.999999999999979             
0.237442922374429             0.999999999999987             
0.23820395738204              0.999999999999988             
0.23896499238965              0.999999999999988             
0.23972602739726              0.99999999999999              
0.240487062404871             0.999999999999993             
0.241248097412481             0.999999999999995             
0.242009132420091             0.999999999999994             
0.242770167427702             0.999999999999996             
0.243531202435312             0.999999999999995             
0.244292237442922             0.999999999999996             
0.245053272450533             0.999999999999997             
0.245814307458143             0.999999999999993             
0.246575342465753             0.99999999999999              
0.247336377473364             0.999999999999992             
0.248097412480974             0.999999999999992             
0.248858447488584             0.999999999999995             
0.249619482496195             0.999999999999995             
0.250380517503805             0.999999999999996             
0.251141552511416             0.999999999999999             
0.251902587519026             1.0                           
0.252663622526636             0.999999999999997             
0.253424657534247             0.999999999999998             
0.254185692541857             0.999999999999999             
0.254946727549467             0.999999999999998             
0.255707762557078             0.999999999999999             
0.256468797564688             0.999999999999999             
0.257229832572298             0.999999999999997             
0.257990867579909             0.999999999999998             
0.258751902587519             0.999999999999998             
0.259512937595129             1.0                           
0.26027397260274              1.0                           
0.26103500761035              1.0                           
0.26179604261796              1.0                           
0.262557077625571             0.999999999999999             
0.263318112633181             1.0                           
0.264079147640791             1.0                           
0.264840182648402             1.0                           
0.265601217656012             0.999999999999999             
0.266362252663623             1.0                           
0.267123287671233             0.999999999999998             
0.267884322678843             0.999999999999998             
0.268645357686454             0.999999999999998             
0.269406392694064             1.0                           
0.270167427701674             0.999999999999999             
0.270928462709285             0.999999999999998             
0.271689497716895             0.999999999999997             
0.272450532724505             0.999999999999993             
0.273211567732116             0.999999999999998             
0.273972602739726             0.999999999999999             
0.274733637747336             0.999999999999999             
0.275494672754947             1.0                           
0.276255707762557             0.999999999999998             
0.277016742770167             1.0                           
0.277777777777778             0.999999999999998             
0.278538812785388             1.0                           
0.279299847792998             0.999999999999999             
0.280060882800609             1.0                           
0.280821917808219             1.0                           
0.28158295281583              1.0                           
0.28234398782344              1.0                           
0.28310502283105              1.0                           
0.283866057838661             1.0                           
0.284627092846271             1.00000000000001              
0.285388127853881             1.0                           
0.286149162861492             1.00000000000001              
0.286910197869102             1.0                           
0.287671232876712             1.0                           
0.288432267884323             1.0                           
0.289193302891933             1.0                           
0.289954337899543             1.0                           
0.290715372907154             1.00000000000001              
0.291476407914764             1.0                           
0.292237442922374             1.0                           
0.292998477929985             0.999999999999996             
0.293759512937595             1.0                           
0.294520547945205             1.0                           
0.295281582952816             1.0                           
0.296042617960426             1.0                           
0.296803652968037             1.0                           
0.297564687975647             1.0                           
0.298325722983257             0.999999999999999             
0.299086757990868             0.999999999999999             
0.299847792998478             0.999999999999999             
0.300608828006088             0.999999999999999             
0.301369863013699             0.999999999999997             
0.302130898021309             0.999999999999997             
0.302891933028919             0.999999999999998             
0.30365296803653              0.999999999999997             
0.30441400304414              0.999999999999998             
0.30517503805175              0.999999999999996             
0.305936073059361             0.999999999999997             
0.306697108066971             0.999999999999997             
0.307458143074581             0.999999999999995             
0.308219178082192             0.999999999999995             
0.308980213089802             0.999999999999992             
0.309741248097412             0.99999999999999              
0.310502283105023             0.999999999999988             
0.311263318112633             0.999999999999989             
0.312024353120244             0.99999999999999              
0.312785388127854             0.99999999999999              
0.313546423135464             0.999999999999989             
0.314307458143075             0.999999999999987             
0.315068493150685             0.999999999999984             
0.315829528158295             0.999999999999983             
0.316590563165906             0.999999999999979             
0.317351598173516             0.999999999999983             
0.318112633181126             0.999999999999986             
0.318873668188737             0.999999999999989             
0.319634703196347             0.999999999999991             
0.320395738203957             0.999999999999993             
0.321156773211568             0.999999999999994             
0.321917808219178             0.999999999999996             
0.322678843226788             0.999999999999998             
0.323439878234399             0.999999999999998             
0.324200913242009             0.999999999999998             
0.324961948249619             0.999999999999997             
0.32572298325723              0.999999999999996             
0.32648401826484              0.999999999999991             
0.327245053272451             0.999999999999993             
0.328006088280061             0.999999999999995             
0.328767123287671             0.999999999999998             
0.329528158295282             0.999999999999998             
0.330289193302892             0.999999999999997             
0.331050228310502             1.0                           
0.331811263318113             0.999999999999999             
0.332572298325723             0.999999999999999             
0.333333333333333             1.0                           
0.334094368340944             0.999999999999998             
0.334855403348554             0.999999999999994             
0.335616438356164             0.999999999999995             
0.336377473363775             0.999999999999996             
0.337138508371385             0.999999999999994             
0.337899543378995             0.999999999999995             
0.338660578386606             0.999999999999996             
0.339421613394216             0.999999999999998             
0.340182648401826             0.999999999999998             
0.340943683409437             0.999999999999998             
0.341704718417047             0.999999999999999             
0.342465753424658             0.999999999999999             
0.343226788432268             1.0                           
0.343987823439878             1.0                           
0.344748858447489             1.0                           
0.345509893455099             1.0                           
0.346270928462709             1.0                           
0.34703196347032              1.0                           
0.34779299847793              1.0                           
0.34855403348554              1.0                           
0.349315068493151             0.999999999999999             
0.350076103500761             0.999999999999999             
0.350837138508371             0.999999999999999             
0.351598173515982             1.0                           
0.352359208523592             1.0                           
0.353120243531202             1.0                           
0.353881278538813             1.0                           
0.354642313546423             1.0                           
0.355403348554033             1.0                           
0.356164383561644             0.999999999999999             
0.356925418569254             1.0                           
0.357686453576865             0.999999999999998             
0.358447488584475             0.999999999999999             
0.359208523592085             1.0                           
0.359969558599696             1.0                           
0.360730593607306             1.0                           
0.361491628614916             1.0                           
0.362252663622527             0.999999999999999             
0.363013698630137             0.999999999999998             
0.363774733637747             0.999999999999998             
0.364535768645358             0.999999999999998             
0.365296803652968             0.999999999999997             
0.366057838660578             0.999999999999998             
0.366818873668189             0.999999999999996             
0.367579908675799             0.999999999999992             
0.368340943683409             0.99999999999999              
0.36910197869102              0.999999999999997             
0.36986301369863              0.999999999999996             
0.37062404870624              0.999999999999997             
0.371385083713851             0.999999999999996             
0.372146118721461             0.999999999999998             
0.372907153729072             0.999999999999998             
0.373668188736682             0.999999999999999             
0.374429223744292             1.0                           
0.375190258751903             0.999999999999999             
0.375951293759513             0.999999999999997             
0.376712328767123             1.0                           
0.377473363774734             1.0                           
0.378234398782344             0.999999999999999             
0.378995433789954             1.0                           
0.379756468797565             1.0                           
0.380517503805175             1.0                           
0.381278538812785             1.0                           
0.382039573820396             1.0                           
0.382800608828006             1.0                           
0.383561643835616             1.0                           
0.384322678843227             1.0                           
0.385083713850837             1.0                           
0.385844748858447             1.0                           
0.386605783866058             1.0                           
0.387366818873668             1.0                           
0.388127853881279             1.0                           
0.388888888888889             1.0                           
0.389649923896499             1.0                           
0.39041095890411              1.0                           
0.39117199391172              1.0                           
0.39193302891933              1.0                           
0.392694063926941             1.0                           
0.393455098934551             0.999999999999998             
0.394216133942161             0.999999999999999             
0.394977168949772             0.999999999999998             
0.395738203957382             0.999999999999998             
0.396499238964992             0.999999999999998             
0.397260273972603             0.999999999999998             
0.398021308980213             0.999999999999998             
0.398782343987823             0.999999999999998             
0.399543378995434             0.999999999999998             
0.400304414003044             1.0                           
0.401065449010654             0.999999999999999             
0.401826484018265             0.999999999999997             
0.402587519025875             0.999999999999995             
0.403348554033486             0.999999999999995             
0.404109589041096             0.999999999999996             
0.404870624048706             0.999999999999998             
0.405631659056317             0.999999999999995             
0.406392694063927             0.999999999999996             
0.407153729071537             0.999999999999997             
0.407914764079148             0.999999999999997             
0.408675799086758             0.999999999999997             
0.409436834094368             1.0                           
0.410197869101979             0.999999999999999             
0.410958904109589             0.999999999999998             
0.411719939117199             0.999999999999995             
0.41248097412481              0.999999999999998             
0.41324200913242              0.999999999999998             
0.41400304414003              0.999999999999997             
0.414764079147641             0.999999999999996             
0.415525114155251             0.999999999999997             
0.416286149162861             0.999999999999996             
0.417047184170472             0.999999999999997             
0.417808219178082             0.999999999999997             
0.418569254185693             0.999999999999999             
0.419330289193303             0.999999999999998             
0.420091324200913             0.999999999999997             
0.420852359208524             0.999999999999998             
0.421613394216134             0.999999999999999             
0.422374429223744             1.0                           
0.423135464231355             1.0                           
0.423896499238965             1.0                           
0.424657534246575             0.999999999999997             
0.425418569254186             0.999999999999995             
0.426179604261796             0.999999999999997             
0.426940639269406             0.999999999999999             
0.427701674277017             1.0                           
0.428462709284627             1.0                           
0.429223744292237             1.0                           
0.429984779299848             1.0                           
0.430745814307458             1.0                           
0.431506849315068             1.00000000000001              
0.432267884322679             1.00000000000001              
0.433028919330289             1.00000000000001              
0.4337899543379               1.00000000000001              
0.43455098934551              1.00000000000002              
0.43531202435312              1.00000000000003              
0.436073059360731             1.00000000000002              
0.436834094368341             1.00000000000002              
0.437595129375951             1.00000000000001              
0.438356164383562             1.00000000000001              
0.439117199391172             1.00000000000001              
0.439878234398782             1.00000000000001              
0.440639269406393             1.00000000000001              
0.441400304414003             1.00000000000001              
0.442161339421613             1.00000000000001              
0.442922374429224             1.00000000000001              
0.443683409436834             1.00000000000001              
0.444444444444444             1.00000000000001              
0.445205479452055             1.0                           
0.445966514459665             1.0                           
0.446727549467275             1.0                           
0.447488584474886             1.0                           
0.448249619482496             1.0                           
0.449010654490107             1.0                           
0.449771689497717             1.0                           
0.450532724505327             0.999999999999998             
0.451293759512938             0.999999999999998             
0.452054794520548             1.0                           
0.452815829528158             1.0                           
0.453576864535769             1.0                           
0.454337899543379             0.999999999999999             
0.455098934550989             0.999999999999999             
0.4558599695586               1.0                           
0.45662100456621              1.0                           
0.45738203957382              1.0                           
0.458143074581431             1.0                           
0.458904109589041             1.0                           
0.459665144596651             1.0                           
0.460426179604262             1.0                           
0.461187214611872             1.00000000000001              
0.461948249619482             1.00000000000001              
0.462709284627093             1.00000000000001              
0.463470319634703             1.00000000000001              
0.464231354642314             1.00000000000001              
0.464992389649924             1.00000000000001              
0.465753424657534             1.00000000000001              
0.466514459665145             1.00000000000002              
0.467275494672755             1.00000000000002              
0.468036529680365             1.00000000000002              
0.468797564687976             1.00000000000002              
0.469558599695586             1.00000000000002              
0.470319634703196             1.00000000000002              
0.471080669710807             1.00000000000002              
0.471841704718417             1.00000000000002              
0.472602739726027             1.00000000000002              
0.473363774733638             1.00000000000001              
0.474124809741248             1.00000000000001              
0.474885844748858             1.00000000000001              
0.475646879756469             1.00000000000001              
0.476407914764079             1.00000000000001              
0.477168949771689             1.00000000000001              
0.4779299847793               1.00000000000001              
0.47869101978691              1.00000000000001              
0.479452054794521             1.0                           
0.480213089802131             1.0                           
0.480974124809741             1.0                           
0.481735159817352             1.0                           
0.482496194824962             1.0                           
0.483257229832572             1.0                           
0.484018264840183             1.0                           
0.484779299847793             1.0                           
0.485540334855403             1.0                           
0.486301369863014             1.0                           
0.487062404870624             1.0                           
0.487823439878234             1.0                           
0.488584474885845             1.0                           
0.489345509893455             1.0                           
0.490106544901065             1.0                           
0.490867579908676             1.0                           
0.491628614916286             1.0                           
0.492389649923896             0.999999999999999             
0.493150684931507             0.999999999999998             
0.493911719939117             0.999999999999999             
0.494672754946728             0.999999999999999             
0.495433789954338             1.0                           
0.496194824961948             0.999999999999998             
0.496955859969559             1.0                           
0.497716894977169             1.0                           
0.498477929984779             0.999999999999999             
0.49923896499239              0.999999999999997             
0.5                           0.999999999999996             
0.50076103500761              0.999999999999998             
0.501522070015221             0.999999999999998             
0.502283105022831             0.999999999999998             
0.503044140030441             0.999999999999998             
0.503805175038052             0.999999999999998             
0.504566210045662             0.999999999999998             
0.505327245053272             0.999999999999999             
0.506088280060883             0.999999999999999             
0.506849315068493             0.999999999999999             
0.507610350076103             0.999999999999999             
0.508371385083714             1.0                           
0.509132420091324             1.0                           
0.509893455098934             0.999999999999999             
0.510654490106545             0.999999999999998             
0.511415525114155             0.999999999999998             
0.512176560121766             0.999999999999998             
0.512937595129376             0.999999999999998             
0.513698630136986             1.0                           
0.514459665144597             1.0                           
0.515220700152207             1.0                           
0.515981735159817             1.0                           
0.516742770167428             1.0                           
0.517503805175038             1.0                           
0.518264840182648             1.0                           
0.519025875190259             1.0                           
0.519786910197869             1.0                           
0.520547945205479             1.0                           
0.52130898021309              1.0                           
0.5220700152207               1.00000000000001              
0.52283105022831              1.00000000000001              
0.523592085235921             1.00000000000001              
0.524353120243531             1.00000000000001              
0.525114155251142             1.00000000000001              
0.525875190258752             1.00000000000001              
0.526636225266362             1.00000000000001              
0.527397260273973             1.0                           
0.528158295281583             1.0                           
0.528919330289193             1.0                           
0.529680365296804             1.0                           
0.530441400304414             1.0                           
0.531202435312024             1.0                           
0.531963470319635             1.0                           
0.532724505327245             1.0                           
0.533485540334855             1.0                           
0.534246575342466             1.0                           
0.535007610350076             0.999999999999998             
0.535768645357686             0.999999999999998             
0.536529680365297             0.999999999999997             
0.537290715372907             0.999999999999998             
0.538051750380517             0.999999999999997             
0.538812785388128             0.999999999999998             
0.539573820395738             0.999999999999998             
0.540334855403348             0.999999999999998             
0.541095890410959             0.999999999999997             
0.541856925418569             0.999999999999997             
0.54261796042618              0.999999999999997             
0.54337899543379              0.999999999999997             
0.5441400304414               0.999999999999997             
0.544901065449011             0.999999999999997             
0.545662100456621             0.999999999999996             
0.546423135464231             0.999999999999995             
0.547184170471842             0.999999999999995             
0.547945205479452             0.999999999999994             
0.548706240487062             0.999999999999992             
0.549467275494673             0.999999999999992             
0.550228310502283             0.99999999999999              
0.550989345509893             0.999999999999992             
0.551750380517504             0.999999999999992             
0.552511415525114             0.999999999999992             
0.553272450532724             0.999999999999993             
0.554033485540335             0.999999999999995             
0.554794520547945             0.999999999999995             
0.555555555555556             0.999999999999993             
0.556316590563166             0.999999999999993             
0.557077625570776             0.999999999999994             
0.557838660578387             0.999999999999993             
0.558599695585997             0.999999999999994             
0.559360730593607             0.999999999999995             
0.560121765601218             0.999999999999993             
0.560882800608828             0.999999999999994             
0.561643835616438             0.999999999999993             
0.562404870624049             0.999999999999994             
0.563165905631659             0.999999999999995             
0.563926940639269             0.999999999999996             
0.56468797564688              0.999999999999996             
0.56544901065449              0.999999999999995             
0.5662100456621               0.999999999999994             
0.566971080669711             0.999999999999996             
0.567732115677321             0.999999999999996             
0.568493150684931             0.999999999999996             
0.569254185692542             0.999999999999996             
0.570015220700152             0.999999999999997             
0.570776255707762             0.999999999999999             
0.571537290715373             1.0                           
0.572298325722983             1.0                           
0.573059360730594             1.0                           
0.573820395738204             1.0                           
0.574581430745814             1.0                           
0.575342465753425             1.0                           
0.576103500761035             1.0                           
0.576864535768645             0.999999999999999             
0.577625570776256             0.999999999999998             
0.578386605783866             1.0                           
0.579147640791476             0.999999999999999             
0.579908675799087             1.0                           
0.580669710806697             1.0                           
0.581430745814307             1.0                           
0.582191780821918             1.0                           
0.582952815829528             1.0                           
0.583713850837138             1.0                           
0.584474885844749             1.0                           
0.585235920852359             1.0                           
0.58599695585997              1.0                           
0.58675799086758              1.0                           
0.58751902587519              0.999999999999999             
0.588280060882801             0.999999999999999             
0.589041095890411             1.0                           
0.589802130898021             0.999999999999999             
0.590563165905632             1.0                           
0.591324200913242             1.0                           
0.592085235920852             1.0                           
0.592846270928463             1.0                           
0.593607305936073             1.0                           
0.594368340943683             1.0                           
0.595129375951294             1.0                           
0.595890410958904             1.0                           
0.596651445966514             1.0                           
0.597412480974125             1.0                           
0.598173515981735             1.0                           
0.598934550989345             1.0                           
0.599695585996956             0.999999999999999             
0.600456621004566             1.0                           
0.601217656012176             1.0                           
0.601978691019787             1.0                           
0.602739726027397             1.0                           
0.603500761035008             1.0                           
0.604261796042618             1.0                           
0.605022831050228             1.0                           
0.605783866057839             1.0                           
0.606544901065449             1.0                           
0.607305936073059             1.0                           
0.60806697108067              1.0                           
0.60882800608828              1.0                           
0.60958904109589              1.0                           
0.610350076103501             1.0                           
0.611111111111111             1.0                           
0.611872146118721             1.0                           
0.612633181126332             1.0                           
0.613394216133942             1.0                           
0.614155251141552             1.0                           
0.614916286149163             1.0                           
0.615677321156773             1.0                           
0.616438356164384             1.0                           
0.617199391171994             1.0                           
0.617960426179604             1.0                           
0.618721461187215             1.0                           
0.619482496194825             1.0                           
0.620243531202435             1.0                           
0.621004566210046             1.0                           
0.621765601217656             1.0                           
0.622526636225266             1.0                           
0.623287671232877             1.0                           
0.624048706240487             1.0                           
0.624809741248097             1.0                           
0.625570776255708             1.0                           
0.626331811263318             1.0                           
0.627092846270928             1.0                           
0.627853881278539             1.00000000000001              
0.628614916286149             1.00000000000001              
0.629375951293759             1.00000000000001              
0.63013698630137              1.00000000000001              
0.63089802130898              1.00000000000001              
0.63165905631659              1.00000000000001              
0.632420091324201             1.00000000000001              
0.633181126331811             1.00000000000001              
0.633942161339422             1.00000000000001              
0.634703196347032             1.00000000000001              
0.635464231354642             1.00000000000001              
0.636225266362253             1.00000000000001              
0.636986301369863             1.00000000000001              
0.637747336377473             1.00000000000001              
0.638508371385084             1.00000000000001              
0.639269406392694             1.00000000000001              
0.640030441400304             1.00000000000001              
0.640791476407915             1.00000000000001              
0.641552511415525             1.00000000000001              
0.642313546423135             1.00000000000001              
0.643074581430746             1.00000000000001              
0.643835616438356             1.00000000000001              
0.644596651445966             1.00000000000001              
0.645357686453577             1.0                           
0.646118721461187             1.0                           
0.646879756468798             1.0                           
0.647640791476408             1.0                           
0.648401826484018             1.0                           
0.649162861491629             1.0                           
0.649923896499239             1.0                           
0.650684931506849             1.0                           
0.65144596651446              1.0                           
0.65220700152207              1.0                           
0.65296803652968              1.0                           
0.653729071537291             1.0                           
0.654490106544901             1.0                           
0.655251141552511             1.0                           
0.656012176560122             1.0                           
0.656773211567732             1.0                           
0.657534246575342             1.0                           
0.658295281582953             1.0                           
0.659056316590563             1.0                           
0.659817351598173             1.0                           
0.660578386605784             1.0                           
0.661339421613394             1.0                           
0.662100456621004             1.0                           
0.662861491628615             1.0                           
0.663622526636225             1.0                           
0.664383561643836             1.0                           
0.665144596651446             0.999999999999998             
0.665905631659056             0.999999999999999             
0.666666666666667             1.0                           
0.667427701674277             1.0                           
0.668188736681887             0.999999999999998             
0.668949771689498             0.999999999999997             
0.669710806697108             0.999999999999996             
0.670471841704718             0.999999999999995             
0.671232876712329             0.999999999999996             
0.671993911719939             0.999999999999996             
0.672754946727549             0.999999999999995             
0.67351598173516              0.999999999999995             
0.67427701674277              0.999999999999995             
0.67503805175038              0.999999999999996             
0.675799086757991             0.999999999999995             
0.676560121765601             0.999999999999993             
0.677321156773212             0.999999999999989             
0.678082191780822             0.999999999999986             
0.678843226788432             0.999999999999977             
0.679604261796043             0.999999999999962             
0.680365296803653             0.999999999999937             
0.681126331811263             0.999999999999893             
0.681887366818874             0.999999999999819             
0.682648401826484             0.999999999999694             
0.683409436834094             0.999999999999486             
0.684170471841705             0.999999999999141             
0.684931506849315             0.999999999998573             
0.685692541856925             0.99999999999764              
0.686453576864536             0.999999999996118             
0.687214611872146             0.999999999993649             
0.687975646879756             0.999999999989671             
0.688736681887367             0.999999999983291             
0.689497716894977             0.999999999973119             
0.690258751902587             0.999999999956998             
0.691019786910198             0.99999999993159              
0.691780821917808             0.999999999891775             
0.692541856925418             0.999999999829733             
0.693302891933029             0.999999999733594             
0.694063926940639             0.999999999585438             
0.69482496194825              0.999999999358362             
0.69558599695586              0.999999999012225             
0.69634703196347              0.999999998487568             
0.697108066971081             0.99999999769676              
0.697869101978691             0.99999999651145              
0.698630136986301             0.999999994745195             
0.699391171993912             0.9999999921283               
0.700152207001522             0.999999988272982             
0.700913242009132             0.999999982624871             
0.701674277016743             0.999999974395882             
0.702435312024353             0.999999962472418             
0.703196347031963             0.999999945289995             
0.703957382039574             0.999999920661282             
0.704718417047184             0.999999885541163             
0.705479452054794             0.999999835719574             
0.706240487062405             0.99999976540896              
0.707001522070015             0.999999666696239             
0.707762557077626             0.999999528825161             
0.708523592085236             0.999999337258                
0.709284627092846             0.999999072407602             
0.710045662100457             0.999998708075603             
0.710806697108067             0.999998209412339             
0.711567732115677             0.999997530333527             
0.712328767123288             0.999996610349888             
0.713089802130898             0.999995370363622             
0.713850837138508             0.999993708003751             
0.714611872146119             0.999991491155967             
0.715372907153729             0.999988550215224             
0.716133942161339             0.999984668587662             
0.71689497716895              0.999979570050552             
0.71765601217656              0.9999729054353               
0.71841704718417              0.999964235731677             
0.719178082191781             0.999953011535386             
0.719939117199391             0.999938547535453             
0.720700152207001             0.999919995582383             
0.721461187214612             0.999896313267289             
0.722222222222222             0.999866224687534             
0.722983257229832             0.999828178536565             
0.723744292237443             0.999780298116772             
0.724505327245053             0.999720337407603             
0.725266362252664             0.999645610946997             
0.726027397260274             0.999552925866284             
0.726788432267884             0.999438493667555             
0.727549467275495             0.999297850484087             
0.728310502283105             0.999125771380478             
0.729071537290715             0.998916174915202             
0.729832572298326             0.998662076757471             
0.730593607305936             0.998355448881653             
0.731354642313546             0.997987071495341             
0.732115677321157             0.997546425228349             
0.732876712328767             0.997021607493652             
0.733637747336377             0.996399193979557             
0.734398782343988             0.995664161634795             
0.735159817351598             0.994799828551204             
0.735920852359208             0.993787826128967             
0.736681887366819             0.99260805236067              
0.737442922374429             0.991238603670275             
0.73820395738204              0.989655706423313             
0.73896499238965              0.987833757912378             
0.73972602739726              0.985745352269059             
0.740487062404871             0.983361341695184             
0.741248097412481             0.980650970096208             
0.742009132420091             0.977582062649134             
0.742770167427702             0.974121207499784             
0.743531202435312             0.970233902141679             
0.744292237442922             0.965884755278589             
0.745053272450533             0.961037914568997             
0.745814307458143             0.955657578528203             
0.746575342465753             0.949708237717444             
0.747336377473364             0.943155284741539             
0.748097412480974             0.935965400882958             
0.748858447488584             0.928106979754792             
0.749619482496195             0.919550781789584             
0.750380517503805             0.910270203867409             
0.751141552511415             0.900241792575961             
0.751902587519026             0.889446507560289             
0.752663622526636             0.87786935256829              
0.753424657534246             0.865499770024725             
0.754185692541857             0.852330530158943             
0.754946727549467             0.838359205604688             
0.755707762557078             0.82358880381656              
0.756468797564688             0.808028197850404             
0.757229832572298             0.791692058549668             
0.757990867579909             0.774601186009321             
0.758751902587519             0.75678272369599              
0.759512937595129             0.738269937361572             
0.76027397260274              0.719101737665527             
0.76103500761035              0.699322429336492             
0.76179604261796              0.678981402079321             
0.762557077625571             0.65813280690957              
0.763318112633181             0.636835037916558             
0.764079147640791             0.61515017813345              
0.764840182648402             0.593143391032798             
0.765601217656012             0.570882312067498             
0.766362252663622             0.548436313748345             
0.767123287671233             0.525874450318895             
0.767884322678843             0.503267345739777             
0.768645357686454             0.480686308261729             
0.769406392694064             0.458203340091586             
0.770167427701674             0.435890845837929             
0.770928462709285             0.413819013723763             
0.771689497716895             0.392055281929849             
0.772450532724505             0.370663787971211             
0.773211567732116             0.349704823220991             
0.773972602739726             0.32923434374706              
0.774733637747336             0.309303532056923             
0.775494672754947             0.289958214487662             
0.776255707762557             0.271238895508107             
0.777016742770167             0.253180682630358             
0.777777777777778             0.235813130666854             
0.778538812785388             0.219160325296114             
0.779299847792998             0.203240843805132             
0.780060882800609             0.188067738433527             
0.780821917808219             0.173648632767962             
0.781582952815829             0.159986126686631             
0.78234398782344              0.147077681389154             
0.78310502283105              0.134916393294508             
0.78386605783866              0.123491410620431             
0.784627092846271             0.112788273459405             
0.785388127853881             0.102789287276883             
0.786149162861492             0.0934734642603477            
0.786910197869102             0.0848174085512289            
0.787671232876712             0.0767958357462211            
0.788432267884323             0.0693823915622236            
0.789193302891933             0.0625494141581206            
0.789954337899543             0.0562681264745122            
0.790715372907154             0.0505091211634064            
0.791476407914764             0.0452424269840424            
0.792237442922374             0.0404379368224439            
0.792998477929985             0.0360652867258105            
0.793759512937595             0.0320946634694587            
0.794520547945205             0.0284970647999672            
0.795281582952816             0.0252443800143462            
0.796042617960426             0.0223094438633652            
0.796803652968036             0.0196660363527117            
0.797564687975647             0.0172891834222903            
0.798325722983257             0.0151554400201346            
0.799086757990868             0.0132432931326777            
0.799847792998478             0.0115326969536556            
0.800608828006088             0.0100065948030485            
0.801369863013699             0.00864874031119877           
0.802130898021309             0.00745138689180109           
0.802891933028919             0.00640330156187828           
0.80365296803653              0.00548981363374645           
0.80441400304414              0.00469597669012143           
0.80517503805175              0.00400813439280607           
0.805936073059361             0.00341382021619896           
0.806697108066971             0.00290156466791449           
0.807458143074581             0.00246108854066972           
0.808219178082192             0.00208320535093346           
0.808980213089802             0.00175968792033946           
0.809741248097412             0.00148326094654141           
0.810502283105023             0.00124763566596591           
0.811263318112633             0.00104726860857421           
0.812024353120243             0.000877289972030416          
0.812785388127854             0.000733435345671101          
0.813546423135464             0.000611975219347595          
0.814307458143074             0.000509654760511692          
0.815068493150685             0.00042365283293551           
0.815829528158295             0.000351524988603433          
0.816590563165906             0.000291160334890958          
0.817351598173516             0.000240742198940261          
0.818112633181126             0.000198716166544845          
0.818873668188737             0.000163752059410199          
0.819634703196347             0.000134714009400675          
0.820395738203957             0.000110638645582944          
0.821156773211568             9.07107236776234e-05          
0.821917808219178             7.42464405353062e-05          
0.822678843226788             6.06692389285023e-05          
0.823439878234399             4.94937146017525e-05          
0.824200913242009             4.03128905842109e-05          
0.824961948249619             3.27869821377096e-05          
0.82572298325723              2.66295621171198e-05          
0.82648401826484              2.15977634681207e-05          
0.82724505327245              1.7490961724261e-05           
0.828006088280061             1.41447295597061e-05          
0.828767123287671             1.14226924288507e-05          
0.829528158295282             9.21199117231976e-06          
0.830289193302892             7.41949454182659e-06          
0.831050228310502             5.96849933475548e-06          
0.831811263318113             4.795495607515e-06            
0.832572298325723             3.84820961289173e-06          
0.833333333333333             3.08409488780947e-06          
0.834094368340944             2.46859101239419e-06          
0.834855403348554             1.97348104207117e-06          
0.835616438356164             1.57577491960078e-06          
0.836377473363775             1.25677178484377e-06          
0.837138508371385             1.00127519083584e-06          
0.837899543378995             7.9693294006969e-07           
0.838660578386606             6.33718915273269e-07          
0.839421613394216             5.03464733187981e-07          
0.840182648401826             3.99561786302092e-07          
0.840943683409437             3.16774416803691e-07          
0.841704718417047             2.50901551566976e-07          
0.842465753424657             1.98562670193782e-07          
0.843226788432268             1.57012965801834e-07          
0.843987823439878             1.24053880799063e-07          
0.844748858447488             9.79283371060134e-08          
0.845509893455099             7.7239106878188e-08           
0.846270928462709             6.08713349765751e-08          
0.84703196347032              4.79360248036968e-08          
0.84779299847793              3.77219873681718e-08          
0.84855403348554              2.9663569151715e-08           
0.849315068493151             2.33112959607603e-08          
0.850076103500761             1.83079744074918e-08          
0.850837138508371             1.43698530735784e-08          
0.851598173515982             1.12718351531582e-08          
0.852359208523592             8.83625080435195e-09          
0.853120243531202             6.9226834529641e-09           
0.853881278538813             5.42035413120861e-09          
0.854642313546423             4.24171577455578e-09          
0.855403348554033             3.31758994452676e-09          
0.856164383561644             2.59343324674093e-09          
0.856925418569254             2.02628509838865e-09          
0.857686453576864             1.58240843703713e-09          
0.858447488584475             1.23525164223615e-09          
0.859208523592085             9.63902329274554e-10          
0.859969558599696             7.5190583843444e-10           
0.860730593607306             5.86305586018116e-10          
0.861491628614916             4.56980677912988e-10          
0.862252663622527             3.56025755921171e-10          
0.863013698630137             2.77271488273837e-10          
0.863774733637747             2.15879063119543e-10          
0.864535768645358             1.68058691895811e-10          
0.865296803652968             1.30827748094246e-10          
0.866057838660578             1.0185308846088e-10           
0.866818873668189             7.92897611578962e-11          
0.867579908675799             6.17168440796278e-11          
0.868340943683409             4.8032632769001e-11           
0.86910197869102              3.7378984131019e-11           
0.86986301369863              2.90868405121222e-11          
0.87062404870624              2.26335507932333e-11          
0.871385083713851             1.76113572575612e-11          
0.872146118721461             1.37028779236325e-11          
0.872907153729071             1.06618945790965e-11          
0.873668188736682             8.29608321298766e-12          
0.874429223744292             6.45533833287907e-12          
0.875190258751902             5.02275095857116e-12          
0.875951293759513             3.90813335576955e-12          
0.876712328767123             3.04136700143435e-12          
0.877473363774734             2.36736822077146e-12          
0.878234398782344             1.84299357535634e-12          
0.878995433789954             1.43483112869911e-12          
0.879756468797565             1.11718424817317e-12          
0.880517503805175             8.70008018273974e-13          
0.881278538812785             6.77661348216381e-13          
0.882039573820396             5.27968215179208e-13          
0.882800608828006             4.11466880258955e-13          
0.883561643835616             3.2079865754378e-13           
0.884322678843227             2.50226914676464e-13          
0.885083713850837             1.95262367914526e-13          
0.885844748858447             1.52419995998323e-13          
0.886605783866058             1.19001659840807e-13          
0.887366818873668             9.29435269603025e-14          
0.888127853881278             7.26278076095761e-14          
0.888888888888889             5.67824277559313e-14          
0.889649923896499             4.44187930675203e-14          
0.89041095890411              3.47679666100034e-14          
0.89117199391172              2.72314219411405e-14          
0.89193302891933              2.13415910595986e-14          
0.892694063926941             1.6735633455141e-14           
0.893455098934551             1.31315497905538e-14          
0.894216133942161             1.03098109742248e-14          
0.894977168949772             8.09946661451241e-15          
0.895738203957382             6.36727853035471e-15          
0.896499238964992             5.00918087423663e-15          
0.897260273972603             3.94396332982553e-15          
0.898021308980213             3.10736373039473e-15          
0.898782343987823             2.44975632363977e-15          
0.899543378995434             1.93272205110686e-15          
0.900304414003044             1.52603872830473e-15          
0.901065449010654             1.20598398430985e-15          
0.901826484018265             9.53915189753671e-16          
0.902587519025875             7.55196908161568e-16          
0.903348554033485             5.98404463330168e-16          
0.904109589041096             4.74571735552329e-16          
0.904870624048706             3.76684558294746e-16          
0.905631659056316             2.9925320081585e-16           
0.906392694063927             2.37953899537104e-16          
0.907153729071537             1.89384589816302e-16          
0.907914764079148             1.50870103847237e-16          
0.908675799086758             1.20309347569296e-16          
0.909436834094368             9.60421293897191e-17          
0.910197869101979             7.67418261939083e-17          
0.910958904109589             6.13787412928759e-17          
0.911719939117199             4.91448379899607e-17          
0.91248097412481              3.93923428562067e-17          
0.91324200913242              3.16099671463658e-17          
0.91400304414003              2.53958434629866e-17          
0.914764079147641             2.04300347183938e-17          
0.915525114155251             1.64559151144467e-17          
0.916286149162861             1.32699882324162e-17          
0.917047184170472             1.07132554049358e-17          
0.917808219178082             8.65942666191718e-18          
0.918569254185692             7.00800577772646e-18          
0.919330289193303             5.67874825153648e-18          
0.920091324200913             4.60768526095869e-18          
0.920852359208524             3.74357097375332e-18          
0.921613394216134             3.04548006461548e-18          
0.922374429223744             2.48064160282083e-18          
0.923135464231355             2.02314793271453e-18          
0.923896499238965             1.65224312136265e-18          
0.924657534246575             1.35122177241513e-18          
0.925418569254186             1.10667836485206e-18          
0.926179604261796             9.07727014986943e-19          
0.926940639269406             7.45570673164757e-19          
0.927701674277017             6.13220508902275e-19          
0.928462709284627             5.05075854391068e-19          
0.929223744292237             4.16595005921902e-19          
0.929984779299848             3.44106657522698e-19          
0.930745814307458             2.8465669858755e-19           
0.931506849315068             2.35847177222235e-19          
0.932267884322679             1.95710145852894e-19          
0.933028919330289             1.62658766823664e-19          
0.933789954337899             1.35402100090552e-19          
0.93455098934551              1.12886122419669e-19          
0.93531202435312              9.42604027273362e-20          
0.93607305936073              7.88347593609833e-20          
0.936834094368341             6.60419539734548e-20          
0.937595129375951             5.54145017241231e-20          
0.938356164383562             4.65726074578504e-20          
0.939117199391172             3.92077060379221e-20          
0.939878234398782             3.3064896032228e-20           
0.940639269406393             2.79315355563145e-20          
0.941400304414003             2.36349447191113e-20          
0.942161339421613             2.00340523326936e-20          
0.942922374429224             1.70109056917595e-20          
0.943683409436834             1.44689610649743e-20          
0.944444444444444             1.23272482454414e-20          
0.945205479452055             1.05202142886999e-20          
0.945966514459665             8.99334995537504e-21          
0.946727549467275             7.70087873722624e-21          
0.947488584474886             6.60474603352263e-21          
0.948249619482496             5.67296877060093e-21          
0.949010654490106             4.87972199128259e-21          
0.949771689497717             4.20299768962434e-21          
0.950532724505327             3.62459584767741e-21          
0.951293759512938             3.12918942431256e-21          
0.952054794520548             2.70417805658604e-21          
0.952815829528158             2.33900182932618e-21          
0.953576864535769             2.02474748186e-21             
0.954337899543379             1.75394463664949e-21          
0.955098934550989             1.5203527741975e-21           
0.9558599695586               1.318654724656e-21            
0.95662100456621              1.14438016977762e-21          
0.95738203957382              9.93739295849868e-22          
0.958143074581431             8.63486787657078e-22          
0.958904109589041             7.50851448397266e-22          
0.959665144596651             6.53467399289122e-22          
0.960426179604262             5.69280320193237e-22          
0.961187214611872             4.96528950319869e-22          
0.961948249619482             4.3369147668067e-22           
0.962709284627093             3.79451396024245e-22          
0.963470319634703             3.32653554173119e-22          
0.964231354642313             2.92300055433328e-22          
0.964992389649924             2.57511444251436e-22          
0.965753424657534             2.27533225306993e-22          
0.966514459665144             2.01705097090348e-22          
0.967275494672755             1.79439781061524e-22          
0.968036529680365             1.60247399696275e-22          
0.968797564687976             1.43695085297203e-22          
0.969558599695586             1.29415092655189e-22          
0.970319634703196             1.17087734689271e-22          
0.971080669710807             1.06439807316809e-22          
0.971841704718417             9.72397187975901e-23          
0.972602739726027             8.9283240819089e-23           
0.973363774733638             8.24024166555683e-23          
0.974124809741248             7.64506043679113e-23          
0.974885844748858             7.13037763596292e-23          
0.975646879756469             6.68530081893717e-23          
0.976407914764079             6.3007611090636e-23           
0.977168949771689             5.96867238811765e-23          
0.9779299847793               5.68219541045733e-23          
0.97869101978691              5.43539636537969e-23          
0.97945205479452              5.22301398243482e-23          
0.980213089802131             5.04054297542157e-23          
0.980974124809741             4.88403362456555e-23          
0.981735159817352             4.75008973615525e-23          
0.982496194824962             4.6355699635677e-23           
0.983257229832572             4.53779754061955e-23          
0.984018264840183             4.45434858210703e-23          
0.984779299847793             4.38314119258144e-23          
0.985540334855403             4.32236694797716e-23          
0.986301369863014             4.2704382350945e-23           
0.987062404870624             4.22595820796269e-23          
0.987823439878234             4.18778572975559e-23          
0.988584474885845             4.15557036996747e-23          
0.989345509893455             4.12891246001439e-23          
0.990106544901065             4.10714086415262e-23          
0.990867579908676             4.089254255157e-23            
0.991628614916286             4.07412748655821e-23          
0.992389649923896             4.06085824386912e-23          
0.993150684931507             4.04884649654232e-23          
0.993911719939117             4.03765833842722e-23          
0.994672754946727             4.02703441268751e-23          
0.995433789954338             4.01686954043484e-23          
0.996194824961948             4.00706103537684e-23          
0.996955859969558             3.99752482055259e-23          
0.997716894977169             3.9881883044297e-23           
0.998477929984779             3.97898989869612e-23          
0.99923896499239              3.96987966242752e-23          
1.0                           3.96082219173898e-23          
