time relative to tcryst: 53330137.92757109 years
r/r_wd                        B/B0
0.00076103500761035           1.00000000000002              
0.0015220700152207            1.00000000000002              
0.00228310502283105           1.00000000000002              
0.0030441400304414            1.00000000000002              
0.00380517503805175           1.00000000000002              
0.0045662100456621            1.00000000000002              
0.00532724505327245           1.00000000000002              
0.0060882800608828            1.00000000000002              
0.00684931506849315           1.00000000000002              
0.0076103500761035            1.00000000000002              
0.00837138508371385           1.00000000000002              
0.0091324200913242            1.00000000000001              
0.00989345509893455           1.00000000000001              
0.0106544901065449            1.00000000000001              
0.0114155251141553            1.00000000000001              
0.0121765601217656            1.00000000000001              
0.012937595129376             1.00000000000001              
0.0136986301369863            1.00000000000001              
0.0144596651445967            1.00000000000001              
0.015220700152207             1.00000000000001              
0.0159817351598174            1.00000000000002              
0.0167427701674277            1.00000000000002              
0.0175038051750381            1.00000000000002              
0.0182648401826484            1.00000000000002              
0.0190258751902588            1.00000000000002              
0.0197869101978691            1.00000000000002              
0.0205479452054795            1.00000000000001              
0.0213089802130898            1.00000000000002              
0.0220700152207002            1.00000000000002              
0.0228310502283105            1.00000000000002              
0.0235920852359209            1.00000000000002              
0.0243531202435312            1.00000000000002              
0.0251141552511416            1.00000000000002              
0.0258751902587519            1.00000000000002              
0.0266362252663623            1.00000000000002              
0.0273972602739726            1.00000000000002              
0.028158295281583             1.00000000000002              
0.0289193302891933            1.00000000000002              
0.0296803652968037            1.00000000000002              
0.030441400304414             1.00000000000002              
0.0312024353120244            1.00000000000002              
0.0319634703196347            1.00000000000002              
0.0327245053272451            1.00000000000002              
0.0334855403348554            1.00000000000002              
0.0342465753424658            1.00000000000002              
0.0350076103500761            1.00000000000001              
0.0357686453576865            1.00000000000001              
0.0365296803652968            1.00000000000001              
0.0372907153729072            1.00000000000001              
0.0380517503805175            1.00000000000001              
0.0388127853881279            1.00000000000001              
0.0395738203957382            1.0                           
0.0403348554033486            1.0                           
0.0410958904109589            1.0                           
0.0418569254185693            1.0                           
0.0426179604261796            1.0                           
0.04337899543379              0.999999999999999             
0.0441400304414003            1.0                           
0.0449010654490107            1.0                           
0.045662100456621             1.0                           
0.0464231354642314            1.0                           
0.0471841704718417            1.0                           
0.0479452054794521            1.0                           
0.0487062404870624            1.0                           
0.0494672754946728            1.0                           
0.0502283105022831            1.0                           
0.0509893455098935            1.0                           
0.0517503805175038            0.999999999999998             
0.0525114155251142            0.999999999999996             
0.0532724505327245            0.999999999999999             
0.0540334855403349            1.0                           
0.0547945205479452            1.0                           
0.0555555555555556            1.0                           
0.0563165905631659            1.0                           
0.0570776255707763            1.0                           
0.0578386605783866            1.0                           
0.058599695585997             1.0                           
0.0593607305936073            1.00000000000001              
0.0601217656012177            1.0                           
0.060882800608828             1.0                           
0.0616438356164384            0.999999999999999             
0.0624048706240487            0.999999999999996             
0.0631659056316591            0.999999999999997             
0.0639269406392694            0.999999999999996             
0.0646879756468798            0.999999999999995             
0.0654490106544901            0.999999999999994             
0.0662100456621005            0.999999999999995             
0.0669710806697108            0.999999999999993             
0.0677321156773212            0.999999999999993             
0.0684931506849315            0.999999999999994             
0.0692541856925419            0.999999999999993             
0.0700152207001522            0.999999999999995             
0.0707762557077626            0.999999999999994             
0.0715372907153729            0.999999999999995             
0.0722983257229833            0.999999999999994             
0.0730593607305936            0.999999999999995             
0.073820395738204             0.999999999999996             
0.0745814307458143            0.999999999999996             
0.0753424657534247            0.999999999999997             
0.076103500761035             0.999999999999997             
0.0768645357686454            0.999999999999997             
0.0776255707762557            0.999999999999999             
0.0783866057838661            0.999999999999999             
0.0791476407914764            1.0                           
0.0799086757990868            1.0                           
0.0806697108066971            1.0                           
0.0814307458143075            1.0                           
0.0821917808219178            0.999999999999998             
0.0829528158295282            0.999999999999997             
0.0837138508371385            0.999999999999996             
0.0844748858447489            0.999999999999995             
0.0852359208523592            0.999999999999996             
0.0859969558599696            0.999999999999993             
0.0867579908675799            0.999999999999994             
0.0875190258751903            0.999999999999992             
0.0882800608828006            0.999999999999993             
0.089041095890411             0.999999999999992             
0.0898021308980213            0.999999999999991             
0.0905631659056317            0.999999999999991             
0.091324200913242             0.999999999999987             
0.0920852359208524            0.999999999999985             
0.0928462709284627            0.999999999999984             
0.0936073059360731            0.999999999999985             
0.0943683409436834            0.999999999999986             
0.0951293759512938            0.999999999999983             
0.0958904109589041            0.999999999999982             
0.0966514459665145            0.999999999999984             
0.0974124809741248            0.999999999999987             
0.0981735159817352            0.999999999999989             
0.0989345509893455            0.999999999999991             
0.0996955859969559            0.999999999999994             
0.100456621004566             0.999999999999998             
0.101217656012177             0.999999999999999             
0.101978691019787             1.0                           
0.102739726027397             1.0                           
0.103500761035008             1.0                           
0.104261796042618             1.0                           
0.105022831050228             1.0                           
0.105783866057839             1.0                           
0.106544901065449             1.0                           
0.107305936073059             1.0                           
0.10806697108067              1.0                           
0.10882800608828              1.0                           
0.10958904109589              1.0                           
0.110350076103501             1.0                           
0.111111111111111             1.0                           
0.111872146118721             1.0                           
0.112633181126332             1.0                           
0.113394216133942             1.0                           
0.114155251141553             1.0                           
0.114916286149163             1.0                           
0.115677321156773             1.0                           
0.116438356164384             1.0                           
0.117199391171994             0.999999999999999             
0.117960426179604             0.999999999999998             
0.118721461187215             0.999999999999998             
0.119482496194825             0.999999999999997             
0.120243531202435             0.999999999999998             
0.121004566210046             0.999999999999998             
0.121765601217656             0.999999999999996             
0.122526636225266             0.999999999999995             
0.123287671232877             0.999999999999995             
0.124048706240487             0.999999999999996             
0.124809741248097             0.999999999999993             
0.125570776255708             0.999999999999996             
0.126331811263318             0.999999999999997             
0.127092846270928             0.999999999999999             
0.127853881278539             1.0                           
0.128614916286149             1.0                           
0.12937595129376              0.999999999999995             
0.13013698630137              1.0                           
0.13089802130898              1.0                           
0.131659056316591             1.0                           
0.132420091324201             1.0                           
0.133181126331811             1.0                           
0.133942161339422             0.999999999999999             
0.134703196347032             0.999999999999998             
0.135464231354642             0.999999999999999             
0.136225266362253             0.999999999999999             
0.136986301369863             0.999999999999998             
0.137747336377473             0.999999999999998             
0.138508371385084             0.999999999999997             
0.139269406392694             0.999999999999999             
0.140030441400304             0.999999999999998             
0.140791476407915             0.999999999999998             
0.141552511415525             1.0                           
0.142313546423135             1.0                           
0.143074581430746             1.00000000000001              
0.143835616438356             1.00000000000001              
0.144596651445967             1.0                           
0.145357686453577             1.0                           
0.146118721461187             0.999999999999998             
0.146879756468798             0.999999999999997             
0.147640791476408             0.999999999999996             
0.148401826484018             0.999999999999997             
0.149162861491629             0.999999999999996             
0.149923896499239             0.999999999999995             
0.150684931506849             0.999999999999996             
0.15144596651446              0.999999999999996             
0.15220700152207              0.999999999999998             
0.15296803652968              0.999999999999999             
0.153729071537291             1.0                           
0.154490106544901             1.0                           
0.155251141552511             1.0                           
0.156012176560122             1.0                           
0.156773211567732             1.0                           
0.157534246575342             1.0                           
0.158295281582953             1.0                           
0.159056316590563             1.0                           
0.159817351598174             1.0                           
0.160578386605784             1.0                           
0.161339421613394             1.0                           
0.162100456621005             1.0                           
0.162861491628615             1.0                           
0.163622526636225             1.00000000000001              
0.164383561643836             1.0                           
0.165144596651446             1.0                           
0.165905631659056             1.00000000000001              
0.166666666666667             1.00000000000001              
0.167427701674277             1.00000000000001              
0.168188736681887             1.00000000000001              
0.168949771689498             1.0                           
0.169710806697108             1.0                           
0.170471841704718             1.0                           
0.171232876712329             1.0                           
0.171993911719939             0.999999999999998             
0.172754946727549             0.999999999999999             
0.17351598173516              0.999999999999998             
0.17427701674277              0.999999999999997             
0.175038051750381             1.0                           
0.175799086757991             1.0                           
0.176560121765601             1.0                           
0.177321156773212             1.0                           
0.178082191780822             1.0                           
0.178843226788432             1.0                           
0.179604261796043             1.0                           
0.180365296803653             1.00000000000001              
0.181126331811263             1.00000000000001              
0.181887366818874             1.00000000000001              
0.182648401826484             1.00000000000001              
0.183409436834094             1.00000000000001              
0.184170471841705             1.00000000000001              
0.184931506849315             1.00000000000001              
0.185692541856925             1.00000000000001              
0.186453576864536             1.0                           
0.187214611872146             1.0                           
0.187975646879756             1.0                           
0.188736681887367             1.0                           
0.189497716894977             1.0                           
0.190258751902588             1.0                           
0.191019786910198             1.0                           
0.191780821917808             0.999999999999999             
0.192541856925419             1.0                           
0.193302891933029             1.0                           
0.194063926940639             1.0                           
0.19482496194825              1.0                           
0.19558599695586              1.0                           
0.19634703196347              1.0                           
0.197108066971081             1.0                           
0.197869101978691             1.0                           
0.198630136986301             1.0                           
0.199391171993912             1.0                           
0.200152207001522             1.0                           
0.200913242009132             1.0                           
0.201674277016743             1.0                           
0.202435312024353             1.0                           
0.203196347031963             1.0                           
0.203957382039574             1.0                           
0.204718417047184             1.0                           
0.205479452054795             0.999999999999999             
0.206240487062405             0.999999999999998             
0.207001522070015             0.999999999999999             
0.207762557077626             0.999999999999999             
0.208523592085236             1.0                           
0.209284627092846             1.0                           
0.210045662100457             1.0                           
0.210806697108067             1.0                           
0.211567732115677             1.00000000000001              
0.212328767123288             1.0                           
0.213089802130898             1.00000000000001              
0.213850837138508             1.0                           
0.214611872146119             1.0                           
0.215372907153729             1.0                           
0.216133942161339             1.0                           
0.21689497716895              1.0                           
0.21765601217656              0.999999999999999             
0.21841704718417              0.999999999999998             
0.219178082191781             0.999999999999995             
0.219939117199391             0.999999999999997             
0.220700152207002             0.999999999999999             
0.221461187214612             0.999999999999999             
0.222222222222222             0.999999999999999             
0.222983257229833             1.0                           
0.223744292237443             0.999999999999999             
0.224505327245053             0.999999999999999             
0.225266362252664             0.999999999999998             
0.226027397260274             0.999999999999998             
0.226788432267884             0.999999999999996             
0.227549467275495             0.999999999999995             
0.228310502283105             0.999999999999994             
0.229071537290715             0.999999999999995             
0.229832572298326             0.999999999999996             
0.230593607305936             0.999999999999994             
0.231354642313546             0.999999999999994             
0.232115677321157             0.999999999999991             
0.232876712328767             0.999999999999991             
0.233637747336377             0.99999999999999              
0.234398782343988             0.999999999999992             
0.235159817351598             0.999999999999993             
0.235920852359209             0.999999999999994             
0.236681887366819             0.999999999999994             
0.237442922374429             0.999999999999993             
0.23820395738204              0.999999999999994             
0.23896499238965              0.999999999999994             
0.23972602739726              0.999999999999995             
0.240487062404871             0.999999999999996             
0.241248097412481             0.999999999999998             
0.242009132420091             0.999999999999998             
0.242770167427702             0.999999999999997             
0.243531202435312             0.999999999999998             
0.244292237442922             0.999999999999999             
0.245053272450533             0.999999999999998             
0.245814307458143             0.999999999999997             
0.246575342465753             0.999999999999997             
0.247336377473364             0.999999999999998             
0.248097412480974             0.999999999999999             
0.248858447488584             1.0                           
0.249619482496195             0.999999999999999             
0.250380517503805             1.0                           
0.251141552511416             1.0                           
0.251902587519026             1.0                           
0.252663622526636             1.0                           
0.253424657534247             1.0                           
0.254185692541857             1.0                           
0.254946727549467             1.00000000000001              
0.255707762557078             1.00000000000001              
0.256468797564688             1.00000000000001              
0.257229832572298             1.00000000000001              
0.257990867579909             1.00000000000001              
0.258751902587519             1.0                           
0.259512937595129             1.00000000000001              
0.26027397260274              1.00000000000001              
0.26103500761035              1.00000000000001              
0.26179604261796              1.00000000000001              
0.262557077625571             1.00000000000001              
0.263318112633181             1.00000000000001              
0.264079147640791             1.00000000000001              
0.264840182648402             1.00000000000001              
0.265601217656012             1.00000000000001              
0.266362252663623             1.00000000000001              
0.267123287671233             1.00000000000001              
0.267884322678843             1.00000000000001              
0.268645357686454             1.00000000000001              
0.269406392694064             1.00000000000001              
0.270167427701674             1.00000000000001              
0.270928462709285             1.00000000000001              
0.271689497716895             1.00000000000001              
0.272450532724505             1.00000000000001              
0.273211567732116             1.00000000000001              
0.273972602739726             1.00000000000001              
0.274733637747336             1.00000000000001              
0.275494672754947             1.00000000000001              
0.276255707762557             1.00000000000001              
0.277016742770167             1.00000000000001              
0.277777777777778             1.00000000000001              
0.278538812785388             1.00000000000001              
0.279299847792998             1.00000000000001              
0.280060882800609             1.00000000000001              
0.280821917808219             1.00000000000001              
0.28158295281583              1.00000000000001              
0.28234398782344              1.00000000000001              
0.28310502283105              1.00000000000001              
0.283866057838661             1.00000000000001              
0.284627092846271             1.00000000000001              
0.285388127853881             1.00000000000001              
0.286149162861492             1.00000000000001              
0.286910197869102             1.00000000000001              
0.287671232876712             1.00000000000001              
0.288432267884323             1.00000000000001              
0.289193302891933             1.00000000000001              
0.289954337899543             1.00000000000001              
0.290715372907154             1.00000000000001              
0.291476407914764             1.00000000000001              
0.292237442922374             1.00000000000001              
0.292998477929985             1.00000000000001              
0.293759512937595             1.00000000000001              
0.294520547945205             1.00000000000001              
0.295281582952816             1.00000000000001              
0.296042617960426             1.00000000000001              
0.296803652968037             1.00000000000001              
0.297564687975647             1.00000000000001              
0.298325722983257             1.0                           
0.299086757990868             1.0                           
0.299847792998478             1.0                           
0.300608828006088             1.0                           
0.301369863013699             1.0                           
0.302130898021309             1.0                           
0.302891933028919             1.0                           
0.30365296803653              1.0                           
0.30441400304414              0.999999999999999             
0.30517503805175              0.999999999999998             
0.305936073059361             0.999999999999998             
0.306697108066971             0.999999999999996             
0.307458143074581             0.999999999999994             
0.308219178082192             0.999999999999992             
0.308980213089802             0.999999999999991             
0.309741248097412             0.999999999999991             
0.310502283105023             0.999999999999989             
0.311263318112633             0.999999999999989             
0.312024353120244             0.999999999999988             
0.312785388127854             0.999999999999986             
0.313546423135464             0.999999999999989             
0.314307458143075             0.999999999999989             
0.315068493150685             0.99999999999999              
0.315829528158295             0.999999999999992             
0.316590563165906             0.999999999999991             
0.317351598173516             0.999999999999992             
0.318112633181126             0.999999999999992             
0.318873668188737             0.999999999999992             
0.319634703196347             0.999999999999993             
0.320395738203957             0.999999999999994             
0.321156773211568             0.999999999999994             
0.321917808219178             0.999999999999993             
0.322678843226788             0.999999999999991             
0.323439878234399             0.999999999999992             
0.324200913242009             0.999999999999995             
0.324961948249619             0.999999999999994             
0.32572298325723              0.999999999999994             
0.32648401826484              0.999999999999996             
0.327245053272451             0.999999999999998             
0.328006088280061             0.999999999999998             
0.328767123287671             0.999999999999999             
0.329528158295282             0.999999999999999             
0.330289193302892             0.999999999999999             
0.331050228310502             1.0                           
0.331811263318113             0.999999999999999             
0.332572298325723             0.999999999999998             
0.333333333333333             0.999999999999998             
0.334094368340944             0.999999999999999             
0.334855403348554             0.999999999999999             
0.335616438356164             0.999999999999998             
0.336377473363775             0.999999999999999             
0.337138508371385             0.999999999999999             
0.337899543378995             0.999999999999999             
0.338660578386606             1.0                           
0.339421613394216             0.999999999999998             
0.340182648401826             1.0                           
0.340943683409437             1.0                           
0.341704718417047             1.0                           
0.342465753424658             1.0                           
0.343226788432268             1.0                           
0.343987823439878             1.00000000000001              
0.344748858447489             1.00000000000001              
0.345509893455099             1.00000000000001              
0.346270928462709             1.0                           
0.34703196347032              1.00000000000001              
0.34779299847793              1.00000000000001              
0.34855403348554              1.00000000000001              
0.349315068493151             1.00000000000001              
0.350076103500761             1.00000000000001              
0.350837138508371             1.00000000000001              
0.351598173515982             1.00000000000001              
0.352359208523592             1.00000000000001              
0.353120243531202             1.00000000000001              
0.353881278538813             1.00000000000001              
0.354642313546423             1.00000000000001              
0.355403348554033             1.00000000000001              
0.356164383561644             1.0                           
0.356925418569254             1.0                           
0.357686453576865             1.00000000000001              
0.358447488584475             1.00000000000001              
0.359208523592085             1.00000000000001              
0.359969558599696             1.00000000000001              
0.360730593607306             1.00000000000001              
0.361491628614916             1.00000000000001              
0.362252663622527             1.00000000000001              
0.363013698630137             1.00000000000001              
0.363774733637747             1.00000000000001              
0.364535768645358             1.00000000000001              
0.365296803652968             1.00000000000001              
0.366057838660578             1.00000000000001              
0.366818873668189             1.00000000000001              
0.367579908675799             1.00000000000001              
0.368340943683409             1.00000000000001              
0.36910197869102              1.00000000000001              
0.36986301369863              1.00000000000001              
0.37062404870624              1.00000000000001              
0.371385083713851             1.00000000000001              
0.372146118721461             1.00000000000001              
0.372907153729072             1.00000000000001              
0.373668188736682             1.00000000000001              
0.374429223744292             1.00000000000001              
0.375190258751903             1.00000000000001              
0.375951293759513             1.0                           
0.376712328767123             1.0                           
0.377473363774734             1.0                           
0.378234398782344             1.0                           
0.378995433789954             1.0                           
0.379756468797565             0.999999999999998             
0.380517503805175             0.999999999999997             
0.381278538812785             0.999999999999997             
0.382039573820396             0.999999999999996             
0.382800608828006             0.999999999999995             
0.383561643835616             0.999999999999993             
0.384322678843227             0.999999999999992             
0.385083713850837             0.999999999999992             
0.385844748858447             0.999999999999991             
0.386605783866058             0.99999999999999              
0.387366818873668             0.999999999999989             
0.388127853881279             0.99999999999999              
0.388888888888889             0.99999999999999              
0.389649923896499             0.999999999999989             
0.39041095890411              0.999999999999988             
0.39117199391172              0.999999999999989             
0.39193302891933              0.999999999999987             
0.392694063926941             0.999999999999985             
0.393455098934551             0.999999999999986             
0.394216133942161             0.999999999999986             
0.394977168949772             0.999999999999988             
0.395738203957382             0.999999999999989             
0.396499238964992             0.999999999999988             
0.397260273972603             0.99999999999999              
0.398021308980213             0.99999999999999              
0.398782343987823             0.999999999999991             
0.399543378995434             0.999999999999991             
0.400304414003044             0.999999999999993             
0.401065449010654             0.999999999999996             
0.401826484018265             0.999999999999998             
0.402587519025875             1.0                           
0.403348554033486             1.0                           
0.404109589041096             1.0                           
0.404870624048706             0.999999999999999             
0.405631659056317             0.999999999999999             
0.406392694063927             0.999999999999998             
0.407153729071537             0.999999999999998             
0.407914764079148             0.999999999999998             
0.408675799086758             0.999999999999998             
0.409436834094368             0.999999999999997             
0.410197869101979             0.999999999999997             
0.410958904109589             0.999999999999998             
0.411719939117199             0.999999999999998             
0.41248097412481              0.999999999999999             
0.41324200913242              0.999999999999999             
0.41400304414003              1.0                           
0.414764079147641             1.0                           
0.415525114155251             0.999999999999999             
0.416286149162861             0.999999999999998             
0.417047184170472             0.999999999999996             
0.417808219178082             0.999999999999996             
0.418569254185693             0.999999999999995             
0.419330289193303             0.999999999999999             
0.420091324200913             0.999999999999998             
0.420852359208524             0.999999999999999             
0.421613394216134             1.0                           
0.422374429223744             1.0                           
0.423135464231355             1.0                           
0.423896499238965             1.0                           
0.424657534246575             1.0                           
0.425418569254186             1.0                           
0.426179604261796             1.0                           
0.426940639269406             1.0                           
0.427701674277017             1.0                           
0.428462709284627             1.0                           
0.429223744292237             1.0                           
0.429984779299848             1.0                           
0.430745814307458             1.0                           
0.431506849315068             1.0                           
0.432267884322679             1.0                           
0.433028919330289             1.0                           
0.4337899543379               1.0                           
0.43455098934551              1.0                           
0.43531202435312              1.0                           
0.436073059360731             1.0                           
0.436834094368341             1.0                           
0.437595129375951             1.0                           
0.438356164383562             1.0                           
0.439117199391172             1.0                           
0.439878234398782             1.0                           
0.440639269406393             1.0                           
0.441400304414003             1.0                           
0.442161339421613             1.00000000000001              
0.442922374429224             1.00000000000001              
0.443683409436834             1.00000000000001              
0.444444444444444             1.0                           
0.445205479452055             1.00000000000001              
0.445966514459665             1.00000000000001              
0.446727549467275             1.00000000000001              
0.447488584474886             1.00000000000001              
0.448249619482496             1.00000000000001              
0.449010654490107             1.00000000000001              
0.449771689497717             1.00000000000001              
0.450532724505327             1.00000000000001              
0.451293759512938             1.00000000000001              
0.452054794520548             1.00000000000001              
0.452815829528158             1.00000000000001              
0.453576864535769             1.00000000000001              
0.454337899543379             1.00000000000001              
0.455098934550989             1.00000000000001              
0.4558599695586               1.00000000000001              
0.45662100456621              1.00000000000001              
0.45738203957382              1.00000000000001              
0.458143074581431             1.00000000000001              
0.458904109589041             1.00000000000001              
0.459665144596651             1.00000000000001              
0.460426179604262             1.00000000000001              
0.461187214611872             1.0                           
0.461948249619482             1.00000000000001              
0.462709284627093             1.0                           
0.463470319634703             1.0                           
0.464231354642314             1.0                           
0.464992389649924             1.0                           
0.465753424657534             0.999999999999999             
0.466514459665145             1.0                           
0.467275494672755             0.999999999999999             
0.468036529680365             1.0                           
0.468797564687976             0.999999999999998             
0.469558599695586             0.999999999999998             
0.470319634703196             0.999999999999995             
0.471080669710807             0.999999999999994             
0.471841704718417             0.999999999999996             
0.472602739726027             0.999999999999998             
0.473363774733638             0.999999999999998             
0.474124809741248             0.999999999999998             
0.474885844748858             0.999999999999997             
0.475646879756469             0.999999999999996             
0.476407914764079             0.999999999999998             
0.477168949771689             0.999999999999998             
0.4779299847793               0.999999999999998             
0.47869101978691              0.999999999999992             
0.479452054794521             0.99999999999999              
0.480213089802131             0.999999999999987             
0.480974124809741             0.999999999999987             
0.481735159817352             0.999999999999983             
0.482496194824962             0.99999999999998              
0.483257229832572             0.999999999999972             
0.484018264840183             0.999999999999979             
0.484779299847793             0.999999999999982             
0.485540334855403             0.999999999999983             
0.486301369863014             0.999999999999984             
0.487062404870624             0.999999999999984             
0.487823439878234             0.999999999999988             
0.488584474885845             0.999999999999986             
0.489345509893455             0.999999999999985             
0.490106544901065             0.999999999999984             
0.490867579908676             0.999999999999982             
0.491628614916286             0.999999999999988             
0.492389649923896             0.999999999999991             
0.493150684931507             0.999999999999992             
0.493911719939117             0.999999999999993             
0.494672754946728             0.999999999999993             
0.495433789954338             0.999999999999995             
0.496194824961948             0.999999999999996             
0.496955859969559             0.999999999999997             
0.497716894977169             0.999999999999997             
0.498477929984779             0.999999999999999             
0.49923896499239              0.999999999999998             
0.5                           0.999999999999999             
0.50076103500761              1.0                           
0.501522070015221             1.0                           
0.502283105022831             0.999999999999999             
0.503044140030441             1.0                           
0.503805175038052             1.0                           
0.504566210045662             1.0                           
0.505327245053272             1.0                           
0.506088280060883             1.0                           
0.506849315068493             1.0                           
0.507610350076103             1.0                           
0.508371385083714             1.0                           
0.509132420091324             1.0                           
0.509893455098934             1.00000000000001              
0.510654490106545             1.00000000000001              
0.511415525114155             1.00000000000001              
0.512176560121766             1.00000000000001              
0.512937595129376             1.0                           
0.513698630136986             1.00000000000001              
0.514459665144597             1.0                           
0.515220700152207             1.0                           
0.515981735159817             1.0                           
0.516742770167428             1.0                           
0.517503805175038             1.0                           
0.518264840182648             1.0                           
0.519025875190259             1.0                           
0.519786910197869             1.0                           
0.520547945205479             1.0                           
0.52130898021309              1.0                           
0.5220700152207               1.0                           
0.52283105022831              1.0                           
0.523592085235921             0.999999999999998             
0.524353120243531             0.999999999999995             
0.525114155251142             0.999999999999992             
0.525875190258752             0.999999999999988             
0.526636225266362             0.999999999999984             
0.527397260273973             0.999999999999978             
0.528158295281583             0.99999999999997              
0.528919330289193             0.999999999999961             
0.529680365296804             0.99999999999995              
0.530441400304414             0.999999999999936             
0.531202435312024             0.999999999999918             
0.531963470319635             0.999999999999897             
0.532724505327245             0.999999999999869             
0.533485540334855             0.999999999999837             
0.534246575342466             0.999999999999797             
0.535007610350076             0.999999999999745             
0.535768645357686             0.999999999999679             
0.536529680365297             0.999999999999601             
0.537290715372907             0.999999999999499             
0.538051750380517             0.999999999999375             
0.538812785388128             0.999999999999222             
0.539573820395738             0.999999999999029             
0.540334855403348             0.999999999998794             
0.541095890410959             0.999999999998501             
0.541856925418569             0.999999999998139             
0.54261796042618              0.999999999997697             
0.54337899543379              0.999999999997151             
0.5441400304414               0.999999999996478             
0.544901065449011             0.999999999995654             
0.545662100456621             0.999999999994641             
0.546423135464231             0.999999999993401             
0.547184170471842             0.999999999991883             
0.547945205479452             0.999999999990029             
0.548706240487062             0.999999999987764             
0.549467275494673             0.999999999985002             
0.550228310502283             0.99999999998164              
0.550989345509893             0.99999999997755              
0.551750380517504             0.999999999972582             
0.552511415525114             0.999999999966553             
0.553272450532724             0.999999999959245             
0.554033485540335             0.999999999950398             
0.554794520547945             0.999999999939701             
0.555555555555556             0.99999999992678              
0.556316590563166             0.99999999991119              
0.557077625570776             0.999999999892404             
0.557838660578387             0.999999999869784             
0.558599695585997             0.999999999842581             
0.559360730593607             0.999999999809901             
0.560121765601218             0.999999999770689             
0.560882800608828             0.999999999723695             
0.561643835616438             0.999999999667443             
0.562404870624049             0.999999999600188             
0.563165905631659             0.99999999951987              
0.563926940639269             0.99999999942406              
0.56468797564688              0.999999999309898             
0.56544901065449              0.999999999174019             
0.5662100456621               0.999999999012471             
0.566971080669711             0.999999998820612             
0.567732115677321             0.999999998593005             
0.568493150684931             0.999999998323287             
0.569254185692542             0.999999998004006             
0.570015220700152             0.999999997626464             
0.570776255707762             0.99999999718051              
0.571537290715373             0.999999996654323             
0.572298325722983             0.999999996034143             
0.573059360730594             0.999999995303969             
0.573820395738204             0.999999994445217             
0.574581430745814             0.99999999343633              
0.575342465753425             0.99999999225247              
0.576103500761035             0.999999990864913             
0.576864535768645             0.999999989240481             
0.577625570776256             0.999999987340882             
0.578386605783866             0.999999985121988             
0.579147640791476             0.999999982532575             
0.579908675799087             0.999999979513659             
0.580669710806697             0.999999975997415             
0.581430745814307             0.999999971905963             
0.582191780821918             0.999999967149925             
0.582952815829528             0.999999961627024             
0.583713850837138             0.999999955220303             
0.584474885844749             0.999999947796011             
0.585235920852359             0.99999993920135              
0.58599695585997              0.999999929262064             
0.58675799086758              0.999999917779643             
0.58751902587519              0.999999904528061             
0.588280060882801             0.999999889250244             
0.589041095890411             0.999999871654488             
0.589802130898021             0.999999851410321             
0.590563165905632             0.999999828143206             
0.591324200913242             0.99999980142912              
0.592085235920852             0.999999770787989             
0.592846270928463             0.999999735677138             
0.593607305936073             0.999999695483994             
0.594368340943683             0.999999649517786             
0.595129375951294             0.999999596995053             
0.595890410958904             0.999999537033139             
0.596651445966514             0.999999468642161             
0.597412480974125             0.999999390711138             
0.598173515981735             0.999999301994974             
0.598934550989345             0.999999201100295             
0.599695585996956             0.99999908646678              
0.600456621004566             0.999998956348931             
0.601217656012176             0.999998808800455             
0.601978691019787             0.999998641653704             
0.602739726027397             0.99999845249237              
0.603500761035008             0.999998238625408             
0.604261796042618             0.999997997045971             
0.605022831050228             0.999997724410739             
0.605783866057839             0.999997417005851             
0.606544901065449             0.999997070698466             
0.607305936073059             0.999996680892627             
0.60806697108067              0.999996242504572             
0.60882800608828              0.999995749926806             
0.60958904109589              0.999995196961227             
0.610350076103501             0.999994576770344             
0.611111111111111             0.999993881809943             
0.611872146118721             0.999993103764009             
0.612633181126332             0.999992233479041             
0.613394216133942             0.999991260885964             
0.614155251141552             0.999990174917838             
0.614916286149163             0.999988963435274             
0.615677321156773             0.999987613144466             
0.616438356164384             0.999986109479346             
0.617199391171994             0.999984436494559             
0.617960426179604             0.999982576743211             
0.618721461187215             0.999980511161617             
0.619482496194825             0.999978218938776             
0.620243531202435             0.999975677404308             
0.621004566210046             0.999972861873097             
0.621765601217656             0.999969745476426             
0.622526636225266             0.999966298961203             
0.623287671232877             0.999962490533813             
0.624048706240487             0.999958285678325             
0.624809741248097             0.999953646926236             
0.625570776255708             0.999948533669531             
0.626331811263318             0.999942901827549             
0.627092846270928             0.999936703500545             
0.627853881278539             0.999929886881957             
0.628614916286149             0.999922396441088             
0.629375951293759             0.999914172416622             
0.63013698630137              0.999905150399315             
0.63089802130898              0.99989526102375              
0.63165905631659              0.999884429662307             
0.632420091324201             0.999872576098624             
0.633181126331811             0.999859614185884             
0.633942161339422             0.999845451448889             
0.634703196347032             0.999829988484381             
0.635464231354642             0.999813118989835             
0.636225266362253             0.999794729992266             
0.636986301369863             0.999774700748236             
0.637747336377473             0.999752902324633             
0.638508371385084             0.999729197176873             
0.639269406392694             0.999703439035197             
0.640030441400304             0.999675472150778             
0.640791476407915             0.999645130828399             
0.641552511415525             0.999612238946542             
0.642313546423135             0.999576610724439             
0.643074581430746             0.999538049461844             
0.643835616438356             0.999496346758204             
0.644596651445966             0.999451277673477             
0.645357686453577             0.999402603468016             
0.646118721461187             0.999350071471119             
0.646879756468798             0.999293413961201             
0.647640791476408             0.999232348939402             
0.648401826484018             0.999166582894982             
0.649162861491629             0.999095806368078             
0.649923896499239             0.999019693284768             
0.650684931506849             0.998937900582306             
0.65144596651446              0.998850067633026             
0.65220700152207              0.99875581476914              
0.65296803652968              0.998654743272772             
0.653729071537291             0.998546435000796             
0.654490106544901             0.998430452297933             
0.655251141552511             0.998306337556466             
0.656012176560122             0.998173612153297             
0.656773211567732             0.998031776733482             
0.657534246575342             0.997880316909272             
0.658295281582953             0.997718696504271             
0.659056316590563             0.997546357122388             
0.659817351598173             0.997362717508269             
0.660578386605784             0.997167172197104             
0.661339421613394             0.996959092208042             
0.662100456621004             0.996737824699257             
0.662861491628615             0.996502691482134             
0.663622526636225             0.996252983937412             
0.664383561643836             0.995987968083929             
0.665144596651446             0.995706876196286             
0.665905631659056             0.995408910331152             
0.666666666666667             0.995093256788972             
0.667427701674277             0.994759121467268             
0.668188736681887             0.994405681620203             
0.668949771689498             0.994032041840553             
0.669710806697108             0.993637279926788             
0.670471841704718             0.993220446888103             
0.671232876712329             0.992780569849238             
0.671993911719939             0.992316667957222             
0.672754946727549             0.991827735398809             
0.67351598173516              0.991312741447423             
0.67427701674277              0.990770631191404             
0.67503805175038              0.990200325959442             
0.675799086757991             0.989600727126042             
0.676560121765601             0.988970714235278             
0.677321156773212             0.98830914499053              
0.678082191780822             0.987614874010135             
0.678843226788432             0.986886769698585             
0.679604261796043             0.986123683910883             
0.680365296803653             0.985324452917332             
0.681126331811263             0.984487856443071             
0.681887366818874             0.983612632123284             
0.682648401826484             0.982697501453572             
0.683409436834094             0.981741170894622             
0.684170471841705             0.980742357043685             
0.684931506849315             0.979699771806054             
0.685692541856925             0.97861212309412              
0.686453576864536             0.977478114490192             
0.687214611872146             0.976296445661392             
0.687975646879756             0.975065811415743             
0.688736681887367             0.973784893003885             
0.689497716894977             0.97245236934636              
0.690258751902587             0.971066919563901             
0.691019786910198             0.969627225410651             
0.691780821917808             0.968131971621033             
0.692541856925418             0.966579849228437             
0.693302891933029             0.96496955594579              
0.694063926940639             0.963299782629187             
0.69482496194825              0.961569217572033             
0.69558599695586              0.959776560373452             
0.69634703196347              0.957920560537086             
0.697108066971081             0.955999989432765             
0.697869101978691             0.954013648561521             
0.698630136986301             0.951960425736634             
0.699391171993912             0.949839232909747             
0.700152207001522             0.947649008028613             
0.700913242009132             0.945388716377798             
0.701674277016743             0.943057351489635             
0.702435312024353             0.940653938367614             
0.703196347031963             0.938177535292051             
0.703957382039574             0.935627218934926             
0.704718417047184             0.933002065466863             
0.705479452054794             0.930301188933772             
0.706240487062405             0.927523719562006             
0.707001522070015             0.92466882588777              
0.707762557077626             0.921735740419234             
0.708523592085236             0.918723766441785             
0.709284627092846             0.915632183775297             
0.710045662100457             0.912460321134895             
0.710806697108067             0.909207557615933             
0.711567732115677             0.90587334327364              
0.712328767123288             0.902457250773791             
0.713089802130898             0.898958906736335             
0.713850837138508             0.895378102027381             
0.714611872146119             0.89171469756848              
0.715372907153729             0.887968610783177             
0.716133942161339             0.884139807807395             
0.71689497716895              0.88022822048473              
0.71765601217656              0.876233839945656             
0.71841704718417              0.872156717284827             
0.719178082191781             0.867996946909565             
0.719939117199391             0.863754623086963             
0.720700152207001             0.859429909696341             
0.721461187214612             0.855023061986248             
0.722222222222222             0.850534406330041             
0.722983257229832             0.845964373258856             
0.723744292237443             0.841313469220782             
0.724505327245053             0.836582368088999             
0.725266362252664             0.831771803265506             
0.726027397260274             0.826882567199554             
0.726788432267884             0.821915450246402             
0.727549467275495             0.816871279154758             
0.728310502283105             0.811750940192283             
0.729071537290715             0.806555380080499             
0.729832572298326             0.801285697723077             
0.730593607305936             0.795943046291103             
0.731354642313546             0.790528601500975             
0.732115677321157             0.785043572907457             
0.732876712328767             0.779489222868884             
0.733637747336377             0.773866789015809             
0.734398782343988             0.768177561045681             
0.735159817351598             0.762422906880554             
0.735920852359208             0.75660429732244              
0.736681887366819             0.750723275287683             
0.737442922374429             0.744781436979872             
0.73820395738204              0.738780422831852             
0.73896499238965              0.732721913126276             
0.73972602739726              0.726607619270139             
0.740487062404871             0.720439279143937             
0.741248097412481             0.71421866628128              
0.742009132420091             0.707947595030548             
0.742770167427702             0.701627915286838             
0.743531202435312             0.695261498754556             
0.744292237442922             0.688850231680346             
0.745053272450533             0.682396028035982             
0.745814307458143             0.675900835735396             
0.746575342465753             0.669366625538228             
0.747336377473364             0.662795408427302             
0.748097412480974             0.65618922323154              
0.748858447488584             0.649550130453705             
0.749619482496195             0.642880228073491             
0.750380517503805             0.636181622297788             
0.751141552511415             0.629456427617598             
0.751902587519026             0.622706805747937             
0.752663622526636             0.615934916542141             
0.753424657534246             0.609142916149762             
0.754185692541857             0.60233289670173              
0.754946727549467             0.595506937563805             
0.755707762557078             0.588667115222622             
0.756468797564688             0.581815492310541             
0.757229832572298             0.574954127884589             
0.757990867579909             0.568085089002845             
0.758751902587519             0.561210457329632             
0.759512937595129             0.554332308435858             
0.76027397260274              0.547452709960995             
0.76103500761035              0.540573711876695             
0.76179604261796              0.533697343209075             
0.762557077625571             0.526825610349361             
0.763318112633181             0.519960496020755             
0.764079147640791             0.513103958117649             
0.764840182648402             0.506257929066835             
0.765601217656012             0.499424314226838             
0.766362252663622             0.492604988402869             
0.767123287671233             0.485801760000624             
0.767884322678843             0.479016420829304             
0.768645357686454             0.472250694655147             
0.769406392694064             0.465506258806049             
0.770167427701674             0.45878484401253              
0.770928462709285             0.452088235513185             
0.771689497716895             0.445418187222096             
0.772450532724505             0.438776420707353             
0.773211567732116             0.432164624270799             
0.773972602739726             0.425584453119481             
0.774733637747336             0.419037526799032             
0.775494672754947             0.412525421868612             
0.776255707762557             0.406049675943196             
0.777016742770167             0.399611788704573             
0.777777777777778             0.393213220160856             
0.778538812785388             0.3868553924222               
0.779299847792998             0.380539687257838             
0.780060882800609             0.374267442839771             
0.780821917808219             0.368039951032235             
0.781582952815829             0.361858460049519             
0.78234398782344              0.355724161987446             
0.78310502283105              0.349638204587002             
0.78386605783866              0.343601689105134             
0.784627092846271             0.337615671563636             
0.785388127853881             0.331681163544651             
0.786149162861492             0.325799114776166             
0.786910197869102             0.319970429376439             
0.787671232876712             0.314195971188874             
0.788432267884323             0.308476584879346             
0.789193302891933             0.302813072459111             
0.789954337899543             0.297206196813162             
0.790715372907154             0.291656679243648             
0.791476407914764             0.286165173982453             
0.792237442922374             0.280732278599492             
0.792998477929985             0.275358514874097             
0.793759512937595             0.270044358543901             
0.794520547945205             0.264790237391216             
0.795281582952816             0.259596538684235             
0.796042617960426             0.254463599626708             
0.796803652968036             0.249391689284778             
0.797564687975647             0.24438103862234              
0.798325722983257             0.239431879686918             
0.799086757990868             0.234544527043992             
0.799847792998478             0.229719314398687             
0.800608828006088             0.224956915079676             
0.801369863013699             0.220257981420106             
0.802130898021309             0.215625475664113             
0.802891933028919             0.211061641680692             
0.80365296803653              0.206567621126821             
0.80441400304414              0.202143648112474             
0.80517503805175              0.197789885598355             
0.805936073059361             0.193506396096037             
0.806697108066971             0.18929301828168              
0.807458143074581             0.185149528475646             
0.808219178082192             0.181075637792482             
0.808980213089802             0.177070982083785             
0.809741248097412             0.173135164737614             
0.810502283105023             0.169267850781913             
0.811263318112633             0.165468676706051             
0.812024353120243             0.161737285772852             
0.812785388127854             0.1580733178091               
0.813546423135464             0.154476365732622             
0.814307458143074             0.150945960799527             
0.815068493150685             0.147481611615849             
0.815829528158295             0.144082788515784             
0.816590563165906             0.140748924883646             
0.817351598173516             0.13747941946261              
0.818112633181126             0.134273654375982             
0.818873668188737             0.131130952188456             
0.819634703196347             0.128050562775783             
0.820395738203957             0.12503172656473              
0.821156773211568             0.122073675562566             
0.821917808219178             0.119175706293546             
0.822678843226788             0.116337113236801             
0.823439878234399             0.113557182117386             
0.824200913242009             0.110835211575068             
0.824961948249619             0.108170539218207             
0.82572298325723              0.105562438415681             
0.82648401826484              0.103010042320518             
0.82724505327245              0.100512497458432             
0.828006088280061             0.0980689890672546            
0.828767123287671             0.0956787176451669            
0.829528158295282             0.093340898277505             
0.830289193302892             0.0910547458853813            
0.831050228310502             0.0888194758423701            
0.831811263318113             0.0866342458310397            
0.832572298325723             0.0844981792278843            
0.833333333333333             0.0824104238489285            
0.834094368340944             0.0803701581999859            
0.834855403348554             0.0783765663505495            
0.835616438356164             0.0764288556943754            
0.836377473363775             0.0745262599937853            
0.837138508371385             0.0726680177616273            
0.837899543378995             0.0708533535495078            
0.838660578386606             0.0690814722471634            
0.839421613394216             0.0673515047300541            
0.840182648401826             0.0656625463898121            
0.840943683409437             0.0640138206994848            
0.841704718417047             0.0624045880302033            
0.842465753424657             0.06083411678291              
0.843226788432268             0.0593016197155223            
0.843987823439878             0.0578063155795729            
0.844748858447488             0.0563474355915305            
0.845509893455099             0.054924229062473             
0.846270928462709             0.0535359679260259            
0.84703196347032              0.0521819448718178            
0.84779299847793              0.0508614426568361            
0.84855403348554              0.0495737562100505            
0.849315068493151             0.0483181921897097            
0.850076103500761             0.0470940532865712            
0.850837138508371             0.0459006505672091            
0.851598173515982             0.0447373037407511            
0.852359208523592             0.043603330703927             
0.853120243531202             0.0424980667514792            
0.853881278538813             0.0414208846424507            
0.854642313546423             0.0403711641378145            
0.855403348554033             0.0393482857499911            
0.856164383561644             0.0383516398008777            
0.856925418569254             0.0373806277938226            
0.857686453576864             0.0364346692238114            
0.858447488584475             0.0355132028780649            
0.859208523592085             0.0346156678771565            
0.859969558599696             0.0337415025844497            
0.860730593607306             0.0328901409940885            
0.861491628614916             0.0320610298307214            
0.862252663622527             0.0312536386488669            
0.863013698630137             0.0304674676045677            
0.863774733637747             0.0297020416454735            
0.864535768645358             0.0289568964837837            
0.865296803652968             0.0282315391169174            
0.866057838660578             0.0275254821151648            
0.866818873668189             0.0268382091140242            
0.867579908675799             0.0261692207769618            
0.868340943683409             0.0255180387608557            
0.86910197869102              0.0248842230325493            
0.86986301369863              0.0242673450381348            
0.87062404870624              0.0236669762713328            
0.871385083713851             0.0230826912855312            
0.872146118721461             0.0225140766555473            
0.872907153729071             0.021960752403653             
0.873668188736682             0.0214223385211111            
0.874429223744292             0.020898450525368             
0.875190258751902             0.0203887024678503            
0.875951293759513             0.0198927418181536            
0.876712328767123             0.0194102369398598            
0.877473363774734             0.0189408653947086            
0.878234398782344             0.018484272502978             
0.878995433789954             0.0180400965174732            
0.879756468797565             0.0176080270992812            
0.880517503805175             0.0171877663394752            
0.881278538812785             0.0167790153916107            
0.882039573820396             0.0163814772041556            
0.882800608828006             0.0159948643350476            
0.883561643835616             0.0156188966552076            
0.884322678843227             0.0152532960959225            
0.885083713850837             0.01489779097009              
0.885844748858447             0.0145520875207242            
0.886605783866058             0.0142159034804426            
0.887366818873668             0.0138890074001173            
0.888127853881278             0.013571168372588             
0.888888888888889             0.0132621507295637            
0.889649923896499             0.0129617218186483            
0.89041095890411              0.012669646380325             
0.89117199391172              0.0123856965575104            
0.89193302891933              0.0121096483889944            
0.892694063926941             0.0118412780264499            
0.893455098934551             0.0115803763174961            
0.894216133942161             0.0113267412272232            
0.894977168949772             0.0110801769574396            
0.895738203957382             0.0108404940180016            
0.896499238964992             0.0106075088431192            
0.897260273972603             0.0103810439286046            
0.898021308980213             0.0101609074604147            
0.898782343987823             0.00994692242534578           
0.899543378995434             0.00973892716616972           
0.900304414003044             0.00953676857943845           
0.901065449010654             0.00934029200514236           
0.901826484018265             0.0091493427537811            
0.902587519025875             0.00896376788133274           
0.903348554033485             0.00878341640841792           
0.904109589041096             0.00860814125637943           
0.904870624048706             0.00843780045634976           
0.905631659056316             0.0082722621633429            
0.906392694063927             0.00811139654247627           
0.907153729071537             0.00795507654697099           
0.907914764079148             0.00780317811449871           
0.908675799086758             0.00765558394709296           
0.909436834094368             0.00751217924942349           
0.910197869101979             0.00737284263664636           
0.910958904109589             0.00723745935632072           
0.911719939117199             0.00710592917105806           
0.91248097412481              0.00697815201281202           
0.91324200913242              0.00685401945479411           
0.91400304414003              0.00673343566147132           
0.914764079147641             0.00661630572172938           
0.915525114155251             0.00650252760756925           
0.916286149162861             0.00639199990061959           
0.917047184170472             0.00628463404170556           
0.917808219178082             0.00618034452561897           
0.918569254185692             0.00607904831131806           
0.919330289193303             0.00598066341253294           
0.920091324200913             0.00588511024649391           
0.920852359208524             0.00579230889906233           
0.921613394216134             0.00570218189993026           
0.922374429223744             0.00561465180175658           
0.923135464231355             0.00552964536776957           
0.923896499238965             0.0054470971632087            
0.924657534246575             0.00536694047210849           
0.925418569254186             0.00528911081297878           
0.926179604261796             0.00521354250300432           
0.926940639269406             0.00514016822950423           
0.927701674277017             0.00506892414582856           
0.928462709284627             0.00499975094424573           
0.929223744292237             0.0049325924000464            
0.929984779299848             0.00486739194899639           
0.930745814307458             0.0048040959786034            
0.931506849315068             0.00474265446140679           
0.932267884322679             0.00468301440562344           
0.933028919330289             0.00462512316996268           
0.933789954337899             0.00456893007805581           
0.93455098934551              0.00451438552423935           
0.93531202435312              0.00446144159672044           
0.93607305936073              0.00441005374470243           
0.936834094368341             0.00436017961717977           
0.937595129375951             0.0043117743886824            
0.938356164383562             0.00426479395761868           
0.939117199391172             0.00421919823813705           
0.939878234398782             0.00417494918062197           
0.940639269406393             0.00413200522760439           
0.941400304414003             0.00409032566608201           
0.942161339421613             0.00404987581988675           
0.942922374429224             0.00401061702081971           
0.943683409436834             0.00397251464347583           
0.944444444444444             0.00393553391224263           
0.945205479452055             0.00389963885729386           
0.945966514459665             0.00386479993008537           
0.946727549467275             0.00383098418871276           
0.947488584474886             0.00379816003342775           
0.948249619482496             0.00376629669721725           
0.949010654490106             0.0037353638965605            
0.949771689497717             0.00370533381491384           
0.950532724505327             0.00367617898875643           
0.951293759512938             0.00364787318974869           
0.952054794520548             0.00362039266022971           
0.952815829528158             0.00359371622854594           
0.953576864535769             0.00356782311655522           
0.954337899543379             0.00354269425728529           
0.955098934550989             0.00351831326705749           
0.9558599695586               0.00349466448555896           
0.95662100456621              0.0034717343197808            
0.95738203957382              0.00344951048705194           
0.958143074581431             0.00342798165966424           
0.958904109589041             0.00340713699133672           
0.959665144596651             0.00338696646218175           
0.960426179604262             0.00336746056829732           
0.961187214611872             0.00334860993845919           
0.961948249619482             0.00333040504037958           
0.962709284627093             0.00331283542623568           
0.963470319634703             0.00329589077448722           
0.964231354642313             0.00327955828118752           
0.964992389649924             0.00326382544587007           
0.965753424657534             0.00324867705399845           
0.966514459665144             0.00323409674188645           
0.967275494672755             0.00322006483487951           
0.968036529680365             0.00320656206539433           
0.968797564687976             0.00319356708555144           
0.969558599695586             0.00318105746219661           
0.970319634703196             0.00316901010561992           
0.971080669710807             0.00315740136888199           
0.971841704718417             0.00314620767745313           
0.972602739726027             0.00313540327140255           
0.973363774733638             0.00312496559230994           
0.974124809741248             0.00311487142759048           
0.974885844748858             0.00310509782866836           
0.975646879756469             0.00309562201578184           
0.976407914764079             0.00308642316065147           
0.977168949771689             0.00307747943428154           
0.9779299847793               0.00306877113148338           
0.97869101978691              0.00306027833276456           
0.97945205479452              0.00305198345465538           
0.980213089802131             0.0030438684742317            
0.980974124809741             0.00303591714765023           
0.981735159817352             0.00302811427930529           
0.982496194824962             0.00302044481014711           
0.983257229832572             0.00301289539416561           
0.984018264840183             0.00300545353880488           
0.984779299847793             0.0029981078291365            
0.985540334855403             0.00299084781901261           
0.986301369863014             0.00298366425339797           
0.987062404870624             0.00297654873716699           
0.987823439878234             0.00296949389013604           
0.988584474885845             0.00296249647684833           
0.989345509893455             0.00295555429661694           
0.990106544901065             0.00294866381395193           
0.990867579908676             0.00294181942746271           
0.991628614916286             0.00293501407260559           
0.992389649923896             0.0029282416528763            
0.993150684931507             0.0029214980767175            
0.993911719939117             0.00291478051814743           
0.994672754946727             0.00290808681996367           
0.995433789954338             0.00290141622439076           
0.996194824961948             0.00289476801691858           
0.996955859969558             0.00288814158360656           
0.997716894977169             0.00288153640181435           
0.998477929984779             0.00287495201770446           
0.99923896499239              0.00286838804651746           
1.0                           0.00286184419506633           
