time relative to tcryst: 353159827.5817044 years
r/r_wd                        B/B0
0.00076103500761035           1.00000000000001              
0.0015220700152207            1.00000000000001              
0.00228310502283105           1.00000000000001              
0.0030441400304414            1.00000000000001              
0.00380517503805175           1.00000000000001              
0.0045662100456621            1.00000000000001              
0.00532724505327245           1.00000000000001              
0.0060882800608828            1.00000000000001              
0.00684931506849315           1.00000000000001              
0.0076103500761035            1.00000000000001              
0.00837138508371385           1.00000000000001              
0.0091324200913242            1.00000000000002              
0.00989345509893455           1.00000000000001              
0.0106544901065449            1.00000000000001              
0.0114155251141553            1.00000000000001              
0.0121765601217656            1.00000000000001              
0.012937595129376             1.00000000000001              
0.0136986301369863            1.00000000000001              
0.0144596651445967            1.00000000000001              
0.015220700152207             1.0                           
0.0159817351598174            1.0                           
0.0167427701674277            0.999999999999996             
0.0175038051750381            0.999999999999994             
0.0182648401826484            0.999999999999991             
0.0190258751902588            0.999999999999989             
0.0197869101978691            0.999999999999987             
0.0205479452054795            0.999999999999987             
0.0213089802130898            0.999999999999989             
0.0220700152207002            0.999999999999982             
0.0228310502283105            0.999999999999978             
0.0235920852359209            0.999999999999976             
0.0243531202435312            0.999999999999976             
0.0251141552511416            0.999999999999972             
0.0258751902587519            0.99999999999997              
0.0266362252663623            0.999999999999966             
0.0273972602739726            0.999999999999964             
0.028158295281583             0.999999999999962             
0.0289193302891933            0.999999999999973             
0.0296803652968037            0.999999999999973             
0.030441400304414             0.999999999999978             
0.0312024353120244            0.999999999999984             
0.0319634703196347            0.99999999999999              
0.0327245053272451            0.999999999999991             
0.0334855403348554            0.999999999999993             
0.0342465753424658            0.999999999999996             
0.0350076103500761            0.999999999999998             
0.0357686453576865            0.999999999999999             
0.0365296803652968            1.0                           
0.0372907153729072            1.0                           
0.0380517503805175            1.0                           
0.0388127853881279            1.0                           
0.0395738203957382            1.0                           
0.0403348554033486            1.0                           
0.0410958904109589            1.00000000000001              
0.0418569254185693            1.00000000000001              
0.0426179604261796            1.00000000000001              
0.04337899543379              1.00000000000001              
0.0441400304414003            1.00000000000001              
0.0449010654490107            1.00000000000001              
0.045662100456621             1.0                           
0.0464231354642314            1.00000000000001              
0.0471841704718417            1.00000000000001              
0.0479452054794521            1.00000000000001              
0.0487062404870624            1.00000000000001              
0.0494672754946728            1.0                           
0.0502283105022831            1.0                           
0.0509893455098935            1.0                           
0.0517503805175038            1.0                           
0.0525114155251142            1.00000000000001              
0.0532724505327245            1.00000000000001              
0.0540334855403349            1.0                           
0.0547945205479452            1.0                           
0.0555555555555556            1.0                           
0.0563165905631659            1.0                           
0.0570776255707763            0.999999999999998             
0.0578386605783866            0.999999999999996             
0.058599695585997             0.999999999999997             
0.0593607305936073            0.999999999999995             
0.0601217656012177            0.999999999999996             
0.060882800608828             0.999999999999997             
0.0616438356164384            0.999999999999997             
0.0624048706240487            0.999999999999995             
0.0631659056316591            0.999999999999995             
0.0639269406392694            0.999999999999997             
0.0646879756468798            0.999999999999998             
0.0654490106544901            0.999999999999997             
0.0662100456621005            0.999999999999998             
0.0669710806697108            0.999999999999997             
0.0677321156773212            0.999999999999999             
0.0684931506849315            1.0                           
0.0692541856925419            1.0                           
0.0700152207001522            1.0                           
0.0707762557077626            1.0                           
0.0715372907153729            1.0                           
0.0722983257229833            1.0                           
0.0730593607305936            1.0                           
0.073820395738204             1.0                           
0.0745814307458143            1.00000000000001              
0.0753424657534247            1.0                           
0.076103500761035             1.0                           
0.0768645357686454            1.0                           
0.0776255707762557            1.00000000000001              
0.0783866057838661            1.00000000000001              
0.0791476407914764            1.00000000000001              
0.0799086757990868            1.00000000000002              
0.0806697108066971            1.00000000000001              
0.0814307458143075            1.00000000000001              
0.0821917808219178            1.0                           
0.0829528158295282            1.0                           
0.0837138508371385            1.0                           
0.0844748858447489            1.0                           
0.0852359208523592            0.999999999999998             
0.0859969558599696            0.999999999999999             
0.0867579908675799            0.999999999999994             
0.0875190258751903            1.0                           
0.0882800608828006            0.999999999999999             
0.089041095890411             0.999999999999997             
0.0898021308980213            0.999999999999996             
0.0905631659056317            0.999999999999995             
0.091324200913242             0.999999999999992             
0.0920852359208524            0.999999999999994             
0.0928462709284627            0.999999999999993             
0.0936073059360731            0.999999999999992             
0.0943683409436834            0.999999999999991             
0.0951293759512938            0.99999999999999              
0.0958904109589041            0.999999999999987             
0.0966514459665145            0.999999999999986             
0.0974124809741248            0.999999999999985             
0.0981735159817352            0.999999999999986             
0.0989345509893455            0.999999999999985             
0.0996955859969559            0.999999999999982             
0.100456621004566             0.999999999999987             
0.101217656012177             0.99999999999999              
0.101978691019787             0.999999999999993             
0.102739726027397             0.999999999999997             
0.103500761035008             0.999999999999997             
0.104261796042618             0.999999999999998             
0.105022831050228             0.999999999999998             
0.105783866057839             0.999999999999999             
0.106544901065449             1.0                           
0.107305936073059             1.0                           
0.10806697108067              1.0                           
0.10882800608828              1.0                           
0.10958904109589              1.0                           
0.110350076103501             1.0                           
0.111111111111111             1.0                           
0.111872146118721             0.999999999999999             
0.112633181126332             0.999999999999998             
0.113394216133942             0.999999999999999             
0.114155251141553             1.0                           
0.114916286149163             0.999999999999999             
0.115677321156773             0.999999999999998             
0.116438356164384             0.999999999999996             
0.117199391171994             0.999999999999995             
0.117960426179604             0.999999999999993             
0.118721461187215             0.999999999999992             
0.119482496194825             0.999999999999987             
0.120243531202435             0.999999999999986             
0.121004566210046             0.999999999999987             
0.121765601217656             0.999999999999984             
0.122526636225266             0.999999999999983             
0.123287671232877             0.999999999999981             
0.124048706240487             0.999999999999986             
0.124809741248097             0.999999999999989             
0.125570776255708             0.999999999999991             
0.126331811263318             0.999999999999992             
0.127092846270928             0.999999999999993             
0.127853881278539             0.999999999999995             
0.128614916286149             0.999999999999997             
0.12937595129376              0.999999999999999             
0.13013698630137              1.0                           
0.13089802130898              1.0                           
0.131659056316591             1.0                           
0.132420091324201             1.0                           
0.133181126331811             1.00000000000001              
0.133942161339422             1.00000000000001              
0.134703196347032             1.00000000000001              
0.135464231354642             1.00000000000001              
0.136225266362253             1.00000000000001              
0.136986301369863             1.00000000000001              
0.137747336377473             1.00000000000001              
0.138508371385084             1.00000000000001              
0.139269406392694             1.00000000000001              
0.140030441400304             1.00000000000001              
0.140791476407915             1.00000000000001              
0.141552511415525             1.00000000000002              
0.142313546423135             1.00000000000001              
0.143074581430746             1.00000000000001              
0.143835616438356             1.00000000000001              
0.144596651445967             1.00000000000001              
0.145357686453577             1.0                           
0.146118721461187             1.0                           
0.146879756468798             1.0                           
0.147640791476408             1.00000000000001              
0.148401826484018             1.00000000000001              
0.149162861491629             1.00000000000001              
0.149923896499239             1.0                           
0.150684931506849             1.0                           
0.15144596651446              1.0                           
0.15220700152207              1.0                           
0.15296803652968              1.0                           
0.153729071537291             1.0                           
0.154490106544901             1.0                           
0.155251141552511             1.0                           
0.156012176560122             0.999999999999999             
0.156773211567732             0.999999999999999             
0.157534246575342             0.999999999999998             
0.158295281582953             0.999999999999999             
0.159056316590563             0.999999999999999             
0.159817351598174             0.999999999999997             
0.160578386605784             0.999999999999995             
0.161339421613394             0.999999999999993             
0.162100456621005             0.999999999999989             
0.162861491628615             0.999999999999986             
0.163622526636225             0.999999999999987             
0.164383561643836             0.999999999999989             
0.165144596651446             0.999999999999988             
0.165905631659056             0.999999999999985             
0.166666666666667             0.999999999999983             
0.167427701674277             0.999999999999981             
0.168188736681887             0.999999999999975             
0.168949771689498             0.999999999999972             
0.169710806697108             0.999999999999969             
0.170471841704718             0.999999999999967             
0.171232876712329             0.999999999999961             
0.171993911719939             0.999999999999957             
0.172754946727549             0.999999999999955             
0.17351598173516              0.999999999999949             
0.17427701674277              0.99999999999995              
0.175038051750381             0.999999999999949             
0.175799086757991             0.999999999999948             
0.176560121765601             0.999999999999945             
0.177321156773212             0.999999999999943             
0.178082191780822             0.999999999999941             
0.178843226788432             0.999999999999939             
0.179604261796043             0.999999999999935             
0.180365296803653             0.999999999999939             
0.181126331811263             0.999999999999944             
0.181887366818874             0.99999999999995              
0.182648401826484             0.999999999999951             
0.183409436834094             0.999999999999954             
0.184170471841705             0.999999999999959             
0.184931506849315             0.999999999999964             
0.185692541856925             0.999999999999964             
0.186453576864536             0.999999999999965             
0.187214611872146             0.999999999999968             
0.187975646879756             0.99999999999997              
0.188736681887367             0.999999999999971             
0.189497716894977             0.999999999999973             
0.190258751902588             0.999999999999974             
0.191019786910198             0.999999999999976             
0.191780821917808             0.999999999999978             
0.192541856925419             0.999999999999982             
0.193302891933029             0.999999999999981             
0.194063926940639             0.999999999999981             
0.19482496194825              0.999999999999982             
0.19558599695586              0.999999999999982             
0.19634703196347              0.999999999999982             
0.197108066971081             0.99999999999998              
0.197869101978691             0.999999999999979             
0.198630136986301             0.999999999999977             
0.199391171993912             0.999999999999977             
0.200152207001522             0.999999999999977             
0.200913242009132             0.999999999999978             
0.201674277016743             0.999999999999978             
0.202435312024353             0.99999999999998              
0.203196347031963             0.999999999999979             
0.203957382039574             0.99999999999998              
0.204718417047184             0.999999999999979             
0.205479452054795             0.999999999999981             
0.206240487062405             0.999999999999982             
0.207001522070015             0.999999999999981             
0.207762557077626             0.99999999999998              
0.208523592085236             0.999999999999982             
0.209284627092846             0.999999999999982             
0.210045662100457             0.999999999999984             
0.210806697108067             0.999999999999983             
0.211567732115677             0.999999999999985             
0.212328767123288             0.999999999999985             
0.213089802130898             0.999999999999986             
0.213850837138508             0.999999999999987             
0.214611872146119             0.999999999999988             
0.215372907153729             0.999999999999986             
0.216133942161339             0.999999999999988             
0.21689497716895              0.999999999999987             
0.21765601217656              0.999999999999991             
0.21841704718417              0.999999999999992             
0.219178082191781             0.999999999999994             
0.219939117199391             0.999999999999996             
0.220700152207002             0.999999999999999             
0.221461187214612             1.0                           
0.222222222222222             1.0                           
0.222983257229833             1.0                           
0.223744292237443             1.0                           
0.224505327245053             1.0                           
0.225266362252664             1.0                           
0.226027397260274             1.0                           
0.226788432267884             1.0                           
0.227549467275495             1.00000000000001              
0.228310502283105             1.00000000000001              
0.229071537290715             1.00000000000001              
0.229832572298326             1.00000000000001              
0.230593607305936             1.00000000000001              
0.231354642313546             1.00000000000001              
0.232115677321157             1.00000000000001              
0.232876712328767             1.00000000000001              
0.233637747336377             1.00000000000001              
0.234398782343988             1.0                           
0.235159817351598             1.0                           
0.235920852359209             1.0                           
0.236681887366819             1.0                           
0.237442922374429             1.0                           
0.23820395738204              1.0                           
0.23896499238965              1.0                           
0.23972602739726              1.0                           
0.240487062404871             1.00000000000001              
0.241248097412481             1.00000000000001              
0.242009132420091             1.0                           
0.242770167427702             1.0                           
0.243531202435312             1.0                           
0.244292237442922             1.0                           
0.245053272450533             0.999999999999999             
0.245814307458143             0.999999999999999             
0.246575342465753             0.999999999999996             
0.247336377473364             0.999999999999995             
0.248097412480974             0.999999999999994             
0.248858447488584             0.999999999999996             
0.249619482496195             0.999999999999994             
0.250380517503805             0.999999999999995             
0.251141552511416             0.999999999999993             
0.251902587519026             0.999999999999994             
0.252663622526636             0.999999999999994             
0.253424657534247             0.999999999999992             
0.254185692541857             0.999999999999992             
0.254946727549467             0.999999999999992             
0.255707762557078             0.999999999999991             
0.256468797564688             0.999999999999992             
0.257229832572298             0.999999999999994             
0.257990867579909             0.999999999999993             
0.258751902587519             0.999999999999992             
0.259512937595129             0.999999999999992             
0.26027397260274              0.999999999999992             
0.26103500761035              0.999999999999993             
0.26179604261796              0.999999999999993             
0.262557077625571             0.999999999999992             
0.263318112633181             0.999999999999991             
0.264079147640791             0.999999999999991             
0.264840182648402             0.999999999999992             
0.265601217656012             0.999999999999993             
0.266362252663623             0.999999999999995             
0.267123287671233             0.999999999999995             
0.267884322678843             0.999999999999992             
0.268645357686454             0.999999999999994             
0.269406392694064             0.999999999999995             
0.270167427701674             0.999999999999997             
0.270928462709285             0.999999999999997             
0.271689497716895             0.999999999999996             
0.272450532724505             0.999999999999998             
0.273211567732116             0.999999999999997             
0.273972602739726             0.999999999999997             
0.274733637747336             0.999999999999997             
0.275494672754947             0.999999999999997             
0.276255707762557             0.999999999999995             
0.277016742770167             0.999999999999997             
0.277777777777778             0.999999999999995             
0.278538812785388             0.999999999999995             
0.279299847792998             0.999999999999995             
0.280060882800609             0.999999999999994             
0.280821917808219             0.999999999999992             
0.28158295281583              0.999999999999991             
0.28234398782344              0.999999999999989             
0.28310502283105              0.999999999999987             
0.283866057838661             0.999999999999986             
0.284627092846271             0.999999999999983             
0.285388127853881             0.999999999999982             
0.286149162861492             0.999999999999978             
0.286910197869102             0.999999999999976             
0.287671232876712             0.99999999999997              
0.288432267884323             0.999999999999967             
0.289193302891933             0.999999999999963             
0.289954337899543             0.999999999999956             
0.290715372907154             0.999999999999949             
0.291476407914764             0.999999999999942             
0.292237442922374             0.999999999999935             
0.292998477929985             0.999999999999924             
0.293759512937595             0.999999999999913             
0.294520547945205             0.999999999999899             
0.295281582952816             0.999999999999884             
0.296042617960426             0.999999999999865             
0.296803652968037             0.999999999999847             
0.297564687975647             0.999999999999827             
0.298325722983257             0.999999999999804             
0.299086757990868             0.99999999999978              
0.299847792998478             0.999999999999747             
0.300608828006088             0.99999999999971              
0.301369863013699             0.99999999999967              
0.302130898021309             0.999999999999624             
0.302891933028919             0.999999999999574             
0.30365296803653              0.999999999999517             
0.30441400304414              0.999999999999452             
0.30517503805175              0.99999999999938              
0.305936073059361             0.999999999999298             
0.306697108066971             0.999999999999208             
0.307458143074581             0.999999999999107             
0.308219178082192             0.999999999998991             
0.308980213089802             0.99999999999886              
0.309741248097412             0.999999999998719             
0.310502283105023             0.999999999998557             
0.311263318112633             0.999999999998376             
0.312024353120244             0.99999999999817              
0.312785388127854             0.99999999999794              
0.313546423135464             0.999999999997681             
0.314307458143075             0.999999999997393             
0.315068493150685             0.999999999997072             
0.315829528158295             0.999999999996709             
0.316590563165906             0.999999999996301             
0.317351598173516             0.999999999995846             
0.318112633181126             0.999999999995337             
0.318873668188737             0.999999999994767             
0.319634703196347             0.99999999999413              
0.320395738203957             0.999999999993418             
0.321156773211568             0.999999999992621             
0.321917808219178             0.999999999991733             
0.322678843226788             0.999999999990741             
0.323439878234399             0.999999999989636             
0.324200913242009             0.999999999988401             
0.324961948249619             0.999999999987021             
0.32572298325723              0.999999999985487             
0.32648401826484              0.999999999983778             
0.327245053272451             0.999999999981878             
0.328006088280061             0.999999999979758             
0.328767123287671             0.9999999999774               
0.329528158295282             0.999999999974775             
0.330289193302892             0.999999999971859             
0.331050228310502             0.999999999968612             
0.331811263318113             0.999999999965004             
0.332572298325723             0.999999999960995             
0.333333333333333             0.999999999956543             
0.334094368340944             0.999999999951602             
0.334855403348554             0.999999999946118             
0.335616438356164             0.999999999940034             
0.336377473363775             0.999999999933287             
0.337138508371385             0.999999999925807             
0.337899543378995             0.999999999917516             
0.338660578386606             0.999999999908336             
0.339421613394216             0.999999999898172             
0.340182648401826             0.999999999886913             
0.340943683409437             0.999999999874458             
0.341704718417047             0.999999999860676             
0.342465753424658             0.999999999845436             
0.343226788432268             0.99999999982859              
0.343987823439878             0.999999999809974             
0.344748858447489             0.999999999789407             
0.345509893455099             0.999999999766695             
0.346270928462709             0.999999999741622             
0.34703196347032              0.999999999713952             
0.34779299847793              0.999999999683428             
0.34855403348554              0.999999999649766             
0.349315068493151             0.99999999961265              
0.350076103500761             0.999999999571745             
0.350837138508371             0.999999999526677             
0.351598173515982             0.999999999477042             
0.352359208523592             0.999999999422394             
0.353120243531202             0.999999999362243             
0.353881278538813             0.999999999296059             
0.354642313546423             0.999999999223259             
0.355403348554033             0.999999999143212             
0.356164383561644             0.999999999055223             
0.356925418569254             0.999999998958537             
0.357686453576865             0.999999998852329             
0.358447488584475             0.999999998735699             
0.359208523592085             0.999999998607667             
0.359969558599696             0.99999999846717              
0.360730593607306             0.999999998313038             
0.361491628614916             0.999999998144009             
0.362252663622527             0.999999997958696             
0.363013698630137             0.999999997755603             
0.363774733637747             0.999999997533095             
0.364535768645358             0.999999997289397             
0.365296803652968             0.999999997022573             
0.366057838660578             0.999999996730519             
0.366818873668189             0.999999996410951             
0.367579908675799             0.999999996061392             
0.368340943683409             0.999999995679147             
0.36910197869102              0.999999995261305             
0.36986301369863              0.999999994804708             
0.37062404870624              0.999999994305933             
0.371385083713851             0.999999993761304             
0.372146118721461             0.999999993166846             
0.372907153729072             0.999999992518258             
0.373668188736682             0.999999991810862             
0.374429223744292             0.999999991039597             
0.375190258751903             0.999999990198995             
0.375951293759513             0.999999989283131             
0.376712328767123             0.999999988285597             
0.377473363774734             0.999999987199477             
0.378234398782344             0.999999986017299             
0.378995433789954             0.999999984731004             
0.379756468797565             0.999999983331888             
0.380517503805175             0.999999981810401             
0.381278538812785             0.999999980156075             
0.382039573820396             0.999999978357588             
0.382800608828006             0.999999976402692             
0.383561643835616             0.999999974278306             
0.384322678843227             0.999999971970373             
0.385083713850837             0.99999996946372              
0.385844748858447             0.999999966741967             
0.386605783866058             0.999999963787766             
0.387366818873668             0.99999996058247              
0.388127853881279             0.999999957106009             
0.388888888888889             0.999999953336765             
0.389649923896499             0.999999949251491             
0.39041095890411              0.999999944825185             
0.39117199391172              0.999999940031009             
0.39193302891933              0.999999934840131             
0.392694063926941             0.99999992922159              
0.393455098934551             0.999999923142114             
0.394216133942161             0.999999916566009             
0.394977168949772             0.999999909455009             
0.395738203957382             0.999999901768128             
0.396499238964992             0.999999893461433             
0.397260273972603             0.999999884487785             
0.398021308980213             0.999999874796651             
0.398782343987823             0.999999864333913             
0.399543378995434             0.999999853041639             
0.400304414003044             0.999999840857824             
0.401065449010654             0.999999827716116             
0.401826484018265             0.999999813545535             
0.402587519025875             0.999999798270219             
0.403348554033486             0.999999781809083             
0.404109589041096             0.99999976407532              
0.404870624048706             0.999999744975672             
0.405631659056317             0.9999997244105               
0.406392694063927             0.999999702273817             
0.407153729071537             0.999999678452565             
0.407914764079148             0.999999652826089             
0.408675799086758             0.99999962526567              
0.409436834094368             0.999999595634622             
0.410197869101979             0.999999563788297             
0.410958904109589             0.999999529572638             
0.411719939117199             0.999999492823617             
0.41248097412481              0.999999453366653             
0.41324200913242              0.999999411014767             
0.41400304414003              0.999999365568994             
0.414764079147641             0.999999316817403             
0.415525114155251             0.999999264534158             
0.416286149162861             0.999999208479134             
0.417047184170472             0.999999148397733             
0.417808219178082             0.999999084019593             
0.418569254185693             0.99999901505755              
0.419330289193303             0.999998941206573             
0.420091324200913             0.999998862142797             
0.420852359208524             0.999998777522528             
0.421613394216134             0.999998686981297             
0.422374429223744             0.999998590132756             
0.423135464231355             0.999998486567294             
0.423896499238965             0.999998375850763             
0.424657534246575             0.999998257523798             
0.425418569254186             0.999998131099962             
0.426179604261796             0.99999799606419              
0.426940639269406             0.999997851871282             
0.427701674277017             0.999997697944353             
0.428462709284627             0.999997533673122             
0.429223744292237             0.999997358412165             
0.429984779299848             0.999997171480683             
0.430745814307458             0.999996972164639             
0.431506849315068             0.999996759709958             
0.432267884322679             0.999996533320536             
0.433028919330289             0.999996292155036             
0.4337899543379               0.999996035319454             
0.43455098934551              0.99999576187042              
0.43531202435312              0.999995470807896             
0.436073059360731             0.999995161075052             
0.436834094368341             0.999994831559248             
0.437595129375951             0.999994481092396             
0.438356164383562             0.999994108443576             
0.439117199391172             0.999993712316026             
0.439878234398782             0.999993291348641             
0.440639269406393             0.99999284411233              
0.441400304414003             0.999992369103327             
0.442161339421613             0.999991864739757             
0.442922374429224             0.999991329355807             
0.443683409436834             0.999990761199535             
0.444444444444444             0.999990158429474             
0.445205479452055             0.999989519115544             
0.445966514459665             0.999988841233445             
0.446727549467275             0.999988122657702             
0.447488584474886             0.999987361153804             
0.448249619482496             0.999986554372069             
0.449010654490107             0.999985699847102             
0.449771689497717             0.99998479497429              
0.450532724505327             0.999983837014868             
0.451293759512938             0.999982823097741             
0.452054794520548             0.999981750239102             
0.452815829528158             0.99998061531233              
0.453576864535769             0.999979415042064             
0.454337899543379             0.999978145998083             
0.455098934550989             0.999976804596344             
0.4558599695586               0.999975387091827             
0.45662100456621              0.999973889566386             
0.45738203957382              0.99997230792189              
0.458143074581431             0.99997063787045              
0.458904109589041             0.999968874928215             
0.459665144596651             0.999967014409102             
0.460426179604262             0.999965051417027             
0.461187214611872             0.999962980847118             
0.461948249619482             0.999960797372077             
0.462709284627093             0.999958495431044             
0.463470319634703             0.99995606922095              
0.464231354642314             0.999953512690224             
0.464992389649924             0.999950819528386             
0.465753424657534             0.999947983155694             
0.466514459665145             0.999944996713519             
0.467275494672755             0.999941853061531             
0.468036529680365             0.999938544762421             
0.468797564687976             0.999935064070333             
0.469558599695586             0.999931402920267             
0.470319634703196             0.999927552922319             
0.471080669710807             0.999923505346009             
0.471841704718417             0.999919251108727             
0.472602739726027             0.999914780768237             
0.473363774733638             0.999910084528738             
0.474124809741248             0.999905152208623             
0.474885844748858             0.99989997322815              
0.475646879756469             0.999894536595758             
0.476407914764079             0.999888830894023             
0.477168949771689             0.999882844268483             
0.4779299847793               0.999876564414182             
0.47869101978691              0.999869978629985             
0.479452054794521             0.999863073763335             
0.480213089802131             0.99985583617648              
0.480974124809741             0.999848251719631             
0.481735159817352             0.999840305663887             
0.482496194824962             0.999831982746407             
0.483257229832572             0.999823267138595             
0.484018264840183             0.999814142388114             
0.484779299847793             0.999804591456568             
0.485540334855403             0.99979459672986              
0.486301369863014             0.999784140050027             
0.487062404870624             0.999773202630363             
0.487823439878234             0.999761765038683             
0.488584474885845             0.999749807163758             
0.489345509893455             0.999737308208508             
0.490106544901065             0.999724246677093             
0.490867579908676             0.999710600402581             
0.491628614916286             0.999696346623637             
0.492389649923896             0.999681461838281             
0.493150684931507             0.999665921785778             
0.493911719939117             0.99964970141476              
0.494672754946728             0.999632774849878             
0.495433789954338             0.999615115399208             
0.496194824961948             0.999596695535598             
0.496955859969559             0.999577486641123             
0.497716894977169             0.99955745918727              
0.498477929984779             0.999536582735428             
0.49923896499239              0.999514826268765             
0.5                           0.999492158240574             
0.50076103500761              0.999468546181256             
0.501522070015221             0.999443956680414             
0.502283105022831             0.99941835536887              
0.503044140030441             0.999391706570449             
0.503805175038052             0.999363973503337             
0.504566210045662             0.99933511834625              
0.505327245053272             0.999305101833391             
0.506088280060883             0.999273883541548             
0.506849315068493             0.99924142192103              
0.507610350076103             0.999207674523883             
0.508371385083714             0.999172597760528             
0.509132420091324             0.999136146865855             
0.509893455098934             0.999098275877969             
0.510654490106545             0.999058938663276             
0.511415525114155             0.999018088107713             
0.512176560121766             0.998975675910124             
0.512937595129376             0.998931652565377             
0.513698630136986             0.998885967320259             
0.514459665144597             0.998838567426913             
0.515220700152207             0.998789398842543             
0.515981735159817             0.998738406200084             
0.516742770167428             0.998685532013838             
0.517503805175038             0.998630717407193             
0.518264840182648             0.998573902093002             
0.519025875190259             0.998515025133598             
0.519786910197869             0.998454024202902             
0.520547945205479             0.998390835550198             
0.52130898021309              0.998325393983467             
0.5220700152207               0.998257633838614             
0.52283105022831              0.998187488724019             
0.523592085235921             0.998114890842394             
0.524353120243531             0.998039770979358             
0.525114155251142             0.997962058288905             
0.525875190258752             0.997881679446579             
0.526636225266362             0.997798559621995             
0.527397260273973             0.997712622322358             
0.528158295281583             0.997623788431213             
0.528919330289193             0.997531977233948             
0.529680365296804             0.997437106468836             
0.530441400304414             0.997339093458592             
0.531202435312024             0.997237853947385             
0.531963470319635             0.99713330209165              
0.532724505327245             0.997025350451509             
0.533485540334855             0.996913911474653             
0.534246575342466             0.996798896883665             
0.535007610350076             0.996680216882                
0.535768645357686             0.996557780151906             
0.536529680365297             0.996431493554748             
0.537290715372907             0.996301261232272             
0.538051750380517             0.996166985744248             
0.538812785388128             0.996028568067325             
0.539573820395738             0.995885906043054             
0.540334855403348             0.995738895763309             
0.541095890410959             0.995587431670168             
0.541856925418569             0.995431407654163             
0.54261796042618              0.995270716610664             
0.54337899543379              0.995105249853331             
0.5441400304414               0.994934897118317             
0.544901065449011             0.99475954686823              
0.545662100456621             0.994579087451963             
0.546423135464231             0.994393405721043             
0.547184170471842             0.994202387039476             
0.547945205479452             0.994005915294491             
0.548706240487062             0.993803873668365             
0.549467275494673             0.993596144322697             
0.550228310502283             0.993382608019158             
0.550989345509893             0.993163144135031             
0.551750380517504             0.992937630162065             
0.552511415525114             0.992705941837834             
0.553272450532724             0.992467953539206             
0.554033485540335             0.992223538302878             
0.554794520547945             0.991972567877512             
0.555555555555556             0.991714912711002             
0.556316590563166             0.991450441971942             
0.557077625570776             0.991179020994866             
0.557838660578387             0.990900511938042             
0.558599695585997             0.990614775609153             
0.559360730593607             0.990321671988278             
0.560121765601218             0.990021065031142             
0.560882800608828             0.98971281756439              
0.561643835616438             0.989396791307993             
0.562404870624049             0.989072846898533             
0.563165905631659             0.988740843913312             
0.563926940639269             0.988400641359867             
0.56468797564688              0.988052098601743             
0.56544901065449              0.987695074073225             
0.5662100456621               0.987329425313148             
0.566971080669711             0.98695500899949              
0.567732115677321             0.986571680082658             
0.568493150684931             0.986179292308991             
0.569254185692542             0.985777698644255             
0.570015220700152             0.985366751312438             
0.570776255707762             0.984946302071438             
0.571537290715373             0.984516204594671             
0.572298325722983             0.984076312001763             
0.573059360730594             0.983626476906484             
0.573820395738204             0.983166551465427             
0.574581430745814             0.98269638814081              
0.575342465753425             0.982215848901214             
0.576103500761035             0.981724795595606             
0.576864535768645             0.981223090003078             
0.577625570776256             0.980710593882932             
0.578386605783866             0.98018716902516              
0.579147640791476             0.979652665352295             
0.579908675799087             0.979106932526966             
0.580669710806697             0.978549818759198             
0.581430745814307             0.977981168885562             
0.582191780821918             0.977400827732335             
0.582952815829528             0.976808644660469             
0.583713850837138             0.976204472272623             
0.584474885844749             0.975588163440511             
0.585235920852359             0.974959571355953             
0.58599695585997              0.974318552100062             
0.58675799086758              0.973664964374725             
0.58751902587519              0.972998667424332             
0.588280060882801             0.972319521088455             
0.589041095890411             0.971627385248287             
0.589802130898021             0.970922119696161             
0.590563165905632             0.970203584962344             
0.591324200913242             0.96947164236921              
0.592085235920852             0.96872616346803              
0.592846270928463             0.967967024410324             
0.593607305936073             0.967194102432165             
0.594368340943683             0.966407275906123             
0.595129375951294             0.965606406285098             
0.595890410958904             0.964791355522813             
0.596651445966514             0.963961983157162             
0.597412480974125             0.963118148501727             
0.598173515981735             0.962259720071603             
0.598934550989345             0.961386577033153             
0.599695585996956             0.960498600001956             
0.600456621004566             0.959595671093921             
0.601217656012176             0.958677673559649             
0.601978691019787             0.957744491850084             
0.602739726027397             0.95679601206149              
0.603500761035008             0.955832122346277             
0.604261796042618             0.954852725800637             
0.605022831050228             0.95385772737928              
0.605783866057839             0.952847033943982             
0.606544901065449             0.951820543801078             
0.607305936073059             0.950778146844418             
0.60806697108067              0.949719734402946             
0.60882800608828              0.948645198850393             
0.60958904109589              0.947554436971075             
0.610350076103501             0.946447357762744             
0.611111111111111             0.945323872424907             
0.611872146118721             0.944183894403611             
0.612633181126332             0.943027341433462             
0.613394216133942             0.94185413406458              
0.614155251141552             0.940664195228656             
0.614916286149163             0.939457450757535             
0.615677321156773             0.938233829694378             
0.616438356164384             0.936993263585379             
0.617199391171994             0.935735686834267             
0.617960426179604             0.934461042934081             
0.618721461187215             0.933169277987815             
0.619482496194825             0.931860340742686             
0.620243531202435             0.930534180584059             
0.621004566210046             0.929190748593094             
0.621765601217656             0.927829998596973             
0.622526636225266             0.926451889474968             
0.623287671232877             0.925056383374391             
0.624048706240487             0.923643445270688             
0.624809741248097             0.922213040191019             
0.625570776255708             0.920765135956274             
0.626331811263318             0.919299701063674             
0.627092846270928             0.917816703215737             
0.627853881278539             0.916316113105522             
0.628614916286149             0.914797898012952             
0.629375951293759             0.913262026257592             
0.63013698630137              0.911708469251895             
0.63089802130898              0.910137233753104             
0.63165905631659              0.908548331939009             
0.632420091324201             0.906941778948614             
0.633181126331811             0.905317592891522             
0.633942161339422             0.903675789392895             
0.634703196347032             0.902016355023984             
0.635464231354642             0.900339284713837             
0.636225266362253             0.898644596127187             
0.636986301369863             0.896932310054439             
0.637747336377473             0.895202450417358             
0.638508371385084             0.89345504497861              
0.639269406392694             0.891690144121179             
0.640030441400304             0.88990780116007              
0.640791476407915             0.888108072338219             
0.641552511415525             0.886291016821386             
0.642313546423135             0.884456694948214             
0.643074581430746             0.882605169559298             
0.643835616438356             0.880736506419301             
0.644596651445966             0.878850771396268             
0.645357686453577             0.876948032991255             
0.646118721461187             0.875028362650922             
0.646879756468798             0.873091806723418             
0.647640791476408             0.871138415010179             
0.648401826484018             0.869168245303957             
0.649162861491629             0.86718136868272              
0.649923896499239             0.865177873846842             
0.650684931506849             0.863157852352447             
0.65144596651446              0.86112139859528              
0.65220700152207              0.859068607319432             
0.65296803652968              0.856999575513103             
0.653729071537291             0.854914402998265             
0.654490106544901             0.85281319064551              
0.655251141552511             0.85069604022556              
0.656012176560122             0.84856305634072              
0.656773211567732             0.846414347388205             
0.657534246575342             0.84425003237956              
0.658295281582953             0.842070232942726             
0.659056316590563             0.839875073294211             
0.659817351598173             0.837664684063789             
0.660578386605784             0.835439216952209             
0.661339421613394             0.833198825715473             
0.662100456621004             0.830943666134508             
0.662861491628615             0.828673894157763             
0.663622526636225             0.826389659070847             
0.664383561643836             0.824091112315019             
0.665144596651446             0.82177839315759              
0.665905631659056             0.819451637169152             
0.666666666666667             0.817110981713031             
0.667427701674277             0.814756564002523             
0.668188736681887             0.812388527518445             
0.668949771689498             0.810007048803049             
0.669710806697108             0.807612306042513             
0.670471841704718             0.8052044790346               
0.671232876712329             0.802783745691775             
0.671993911719939             0.800350264198684             
0.672754946727549             0.797904198794387             
0.67351598173516              0.795445726503277             
0.67427701674277              0.792975026016791             
0.67503805175038              0.790492277654639             
0.675799086757991             0.787997663362777             
0.676560121765601             0.785491366641128             
0.677321156773212             0.782973572494121             
0.678082191780822             0.780444471238977             
0.678843226788432             0.777904261268947             
0.679604261796043             0.77535314204842              
0.680365296803653             0.772791314056135             
0.681126331811263             0.77021898747856              
0.681887366818874             0.767636378412779             
0.682648401826484             0.765043703419518             
0.683409436834094             0.762441179490991             
0.684170471841705             0.7598289978366               
0.684931506849315             0.757207349224409             
0.685692541856925             0.754576438912046             
0.686453576864536             0.7519364758283               
0.687214611872146             0.749287671424615             
0.687975646879756             0.746630237637594             
0.688736681887367             0.743964387007721             
0.689497716894977             0.741290332480882             
0.690258751902587             0.738608286249825             
0.691019786910198             0.735918458704957             
0.691780821917808             0.733221060631973             
0.692541856925418             0.730516305892774             
0.693302891933029             0.727804408691574             
0.694063926940639             0.725085581187872             
0.69482496194825              0.722360034022962             
0.69558599695586              0.719627978084277             
0.69634703196347              0.71688962215447              
0.697108066971081             0.714145174925785             
0.697869101978691             0.711394847415946             
0.698630136986301             0.708638862205748             
0.699391171993912             0.705877441532763             
0.700152207001522             0.703110807255881             
0.700913242009132             0.700339184485237             
0.701674277016743             0.69756280773494              
0.702435312024353             0.694781910492763             
0.703196347031963             0.691996725196117             
0.703957382039574             0.689207484738464             
0.704718417047184             0.686414424156188             
0.705479452054794             0.683617777153345             
0.706240487062405             0.680817757898648             
0.707001522070015             0.678014577835947             
0.707762557077626             0.675208447835006             
0.708523592085236             0.672399578154684             
0.709284627092846             0.669588186616304             
0.710045662100457             0.666774484812755             
0.710806697108067             0.663958679157936             
0.711567732115677             0.661140975804434             
0.712328767123288             0.658321581450612             
0.713089802130898             0.655500702053003             
0.713850837138508             0.652678555147466             
0.714611872146119             0.649855358481626             
0.715372907153729             0.647031328338325             
0.716133942161339             0.644206680312533             
0.71689497716895              0.641381636927245             
0.71765601217656              0.63855641871202              
0.71841704718417              0.635731244197416             
0.719178082191781             0.632906327668406             
0.719939117199391             0.630081873716756             
0.720700152207001             0.627258083798628             
0.721461187214612             0.624435151590772             
0.722222222222222             0.621613270429141             
0.722983257229832             0.618792636215017             
0.723744292237443             0.615973444391332             
0.724505327245053             0.613155896032483             
0.725266362252664             0.610340190349222             
0.726027397260274             0.607526524679547             
0.726788432267884             0.604715098044409             
0.727549467275495             0.60190610869656              
0.728310502283105             0.599099752703879             
0.729071537290715             0.596296223888543             
0.729832572298326             0.593495710237327             
0.730593607305936             0.590698397790177             
0.731354642313546             0.587904476539724             
0.732115677321157             0.58511413779768              
0.732876712328767             0.582327570285953             
0.733637747336377             0.579544949836533             
0.734398782343988             0.576766450265493             
0.735159817351598             0.573992242644047             
0.735920852359208             0.571222494449664             
0.736681887366819             0.568457376420095             
0.737442922374429             0.565697059376052             
0.73820395738204              0.562941714417978             
0.73896499238965              0.560191510275597             
0.73972602739726              0.557446612987268             
0.740487062404871             0.554707185788221             
0.741248097412481             0.551973389637664             
0.742009132420091             0.549245382965585             
0.742770167427702             0.546523321821481             
0.743531202435312             0.543807360336293             
0.744292237442922             0.541097650921123             
0.745053272450533             0.538394343619456             
0.745814307458143             0.535697584523271             
0.746575342465753             0.533007517645101             
0.747336377473364             0.530324285829988             
0.748097412480974             0.527648030241127             
0.748858447488584             0.524978890301371             
0.749619482496195             0.522317004852313             
0.750380517503805             0.519662510322859             
0.751141552511415             0.517015540767245             
0.751902587519026             0.514376228284133             
0.752663622526636             0.511744702558285             
0.753424657534246             0.509121090880862             
0.754185692541857             0.506505521215837             
0.754946727549467             0.503898119323294             
0.755707762557078             0.50129900748117              
0.756468797564688             0.498708300608157             
0.757229832572298             0.496126111733749             
0.757990867579909             0.493552552024282             
0.758751902587519             0.490987730999815             
0.759512937595129             0.488431757920588             
0.76027397260274              0.485884740170544             
0.76103500761035              0.483346782840972             
0.76179604261796              0.48081798866368              
0.762557077625571             0.478298458076779             
0.763318112633181             0.475788289207796             
0.764079147640791             0.473287577885578             
0.764840182648402             0.470796417757929             
0.765601217656012             0.46831490019554              
0.766362252663622             0.465843114248425             
0.767123287671233             0.463381146682844             
0.767884322678843             0.460929082055727             
0.768645357686454             0.458487002678518             
0.769406392694064             0.456054988523946             
0.770167427701674             0.453633117350896             
0.770928462709285             0.451221464947365             
0.771689497716895             0.448820104997396             
0.772450532724505             0.446429118568249             
0.773211567732116             0.444048588541517             
0.773972602739726             0.441678606577951             
0.774733637747336             0.439319263240347             
0.775494672754947             0.436970630817874             
0.776255707762557             0.434632779716659             
0.777016742770167             0.43230577725638              
0.777777777777778             0.429989688913601             
0.778538812785388             0.427684578641743             
0.779299847792998             0.425390508600949             
0.780060882800609             0.423107539324887             
0.780821917808219             0.420835729846635             
0.781582952815829             0.418575137392141             
0.78234398782344              0.416325816401947             
0.78310502283105              0.414087819550388             
0.78386605783866              0.411861196317667             
0.784627092846271             0.409645993865096             
0.785388127853881             0.407442257532412             
0.786149162861492             0.405250030989806             
0.786910197869102             0.403069356144037             
0.787671232876712             0.400900272812606             
0.788432267884323             0.398742817188636             
0.789193302891933             0.396597023681277             
0.789954337899543             0.394462928266728             
0.790715372907154             0.392340565630853             
0.791476407914764             0.390229969400083             
0.792237442922374             0.388131171957858             
0.792998477929985             0.386044199581342             
0.793759512937595             0.38396907571104              
0.794520547945205             0.381905818979336             
0.795281582952816             0.379854446354521             
0.796042617960426             0.377814972858762             
0.796803652968036             0.375787411021143             
0.797564687975647             0.373771771789367             
0.798325722983257             0.371768063780052             
0.799086757990868             0.369776291656897             
0.799847792998478             0.367796460638685             
0.800608828006088             0.365828588758696             
0.801369863013699             0.363872692814492             
0.802130898021309             0.361928822087146             
0.802891933028919             0.359997097925708             
0.80365296803653              0.358077731732448             
0.80441400304414              0.356170887226754             
0.80517503805175              0.354276735378771             
0.805936073059361             0.352395415496044             
0.806697108066971             0.350526944628208             
0.807458143074581             0.348671333811893             
0.808219178082192             0.346828580083659             
0.808980213089802             0.344998672406889             
0.809741248097412             0.343181597244728             
0.810502283105023             0.341377332592845             
0.811263318112633             0.339585855132889             
0.812024353120243             0.337807149576529             
0.812785388127854             0.336041205768322             
0.813546423135464             0.334288013377395             
0.814307458143074             0.332547562827007             
0.815068493150685             0.330819840141506             
0.815829528158295             0.329104826312633             
0.816590563165906             0.327402500206662             
0.817351598173516             0.325712837002352             
0.818112633181126             0.324035810774742             
0.818873668188737             0.32237138987048              
0.819634703196347             0.320719535240274             
0.820395738203957             0.319080206957143             
0.821156773211568             0.317453364247777             
0.821917808219178             0.315838965517795             
0.822678843226788             0.314236968384832             
0.823439878234399             0.312647329706516             
0.824200913242009             0.311070008162336             
0.824961948249619             0.309504967492514             
0.82572298325723              0.30795217245143              
0.82648401826484              0.306411591474107             
0.82724505327245              0.304883186589772             
0.828006088280061             0.303366901817182             
0.828767123287671             0.301862683623303             
0.829528158295282             0.300370480804037             
0.830289193302892             0.298890241662149             
0.831050228310502             0.297421914027736             
0.831811263318113             0.295965444637145             
0.832572298325723             0.294520779376212             
0.833333333333333             0.293087858414307             
0.834094368340944             0.291666614168654             
0.834855403348554             0.290256979023131             
0.835616438356164             0.288858891049913             
0.836377473363775             0.287472295136357             
0.837138508371385             0.28609713586113              
0.837899543378995             0.28473335823305              
0.838660578386606             0.283380907974135             
0.839421613394216             0.282039725327614             
0.840182648401826             0.280709747227457             
0.840943683409437             0.279390898010826             
0.841704718417047             0.278083099214774             
0.842465753424657             0.276786272788083             
0.843226788432268             0.275500359998875             
0.843987823439878             0.274225303824287             
0.844748858447488             0.272961047082018             
0.845509893455099             0.271707517890919             
0.846270928462709             0.270464637917488             
0.84703196347032              0.269232323782119             
0.84779299847793              0.268010507612428             
0.84855403348554              0.266799121707772             
0.849315068493151             0.265598098461998             
0.850076103500761             0.264407367052341             
0.850837138508371             0.263226854793307             
0.851598173515982             0.262056487211079             
0.852359208523592             0.26089619176641              
0.853120243531202             0.25974589512078              
0.853881278538813             0.25860551665837              
0.854642313546423             0.257474979112072             
0.855403348554033             0.256354211918362             
0.856164383561644             0.255243142907837             
0.856925418569254             0.254141699227002             
0.857686453576864             0.253049806872847             
0.858447488584475             0.251967391626329             
0.859208523592085             0.250894381119637             
0.859969558599696             0.249830704362595             
0.860730593607306             0.248776290364154             
0.861491628614916             0.247731065199763             
0.862252663622527             0.246694951433818             
0.863013698630137             0.245667866388424             
0.863774733637747             0.244649735754785             
0.864535768645358             0.243640487029283             
0.865296803652968             0.242640055668902             
0.866057838660578             0.24164837622689              
0.866818873668189             0.240665375698587             
0.867579908675799             0.239690979894012             
0.868340943683409             0.238725111432404             
0.86910197869102              0.237767680127423             
0.86986301369863              0.236818597269826             
0.87062404870624              0.23587778226265              
0.871385083713851             0.234945160867677             
0.872146118721461             0.234020659676634             
0.872907153729071             0.233104196028664             
0.873668188736682             0.232195693456982             
0.874429223744292             0.231295080972012             
0.875190258751902             0.230402289081065             
0.875951293759513             0.229517241435808             
0.876712328767123             0.228639860372004             
0.877473363774734             0.227770071119371             
0.878234398782344             0.226907807883359             
0.878995433789954             0.22605300663914              
0.879756468797565             0.225205587410595             
0.880517503805175             0.224365470129582             
0.881278538812785             0.223532582323423             
0.882039573820396             0.222706856258907             
0.882800608828006             0.221888223669013             
0.883561643835616             0.221076616648105             
0.884322678843227             0.220271965405924             
0.885083713850837             0.219474201472041             
0.885844748858447             0.218683253978712             
0.886605783866058             0.217899050750915             
0.887366818873668             0.217121506800511             
0.888127853881278             0.216350545259757             
0.888888888888889             0.215586102941003             
0.889649923896499             0.214828116408325             
0.89041095890411              0.21407652054697              
0.89117199391172              0.213331248408341             
0.89193302891933              0.212592224713176             
0.892694063926941             0.211859380005343             
0.893455098934551             0.211132641028034             
0.894216133942161             0.210411935986026             
0.894977168949772             0.209697195238279             
0.895738203957382             0.208988350854452             
0.896499238964992             0.208285334935645             
0.897260273972603             0.207588080580749             
0.898021308980213             0.206896523633083             
0.898782343987823             0.2062105996994               
0.899543378995434             0.205530243207032             
0.900304414003044             0.204855376808018             
0.901065449010654             0.2041859380532               
0.901826484018265             0.203521867758926             
0.902587519025875             0.202863106158137             
0.903348554033485             0.202209590480366             
0.904109589041096             0.201561256442377             
0.904870624048706             0.200918035966496             
0.905631659056316             0.200279865569705             
0.906392694063927             0.19964668214744              
0.907153729071537             0.199018423825226             
0.907914764079148             0.198395031735706             
0.908675799086758             0.197776446177371             
0.909436834094368             0.197162607469484             
0.910197869101979             0.196553457867613             
0.910958904109589             0.195948941598362             
0.911719939117199             0.195349001150796             
0.91248097412481              0.194753569880291             
0.91324200913242              0.194162594903772             
0.91400304414003              0.193576025806654             
0.914764079147641             0.192993802619638             
0.915525114155251             0.192415869874119             
0.916286149162861             0.191842175922137             
0.917047184170472             0.191272666122268             
0.917808219178082             0.190707279112469             
0.918569254185692             0.190145954795571             
0.919330289193303             0.189588640812741             
0.920091324200913             0.18903528607669              
0.920852359208524             0.188485838817004             
0.921613394216134             0.187940247801194             
0.922374429223744             0.187398462046431             
0.923135464231355             0.186860428159002             
0.923896499238965             0.186326094048276             
0.924657534246575             0.18579540762562              
0.925418569254186             0.185268321974887             
0.926179604261796             0.184744790694636             
0.926940639269406             0.184224767114618             
0.927701674277017             0.183708204884784             
0.928462709284627             0.183195052023187             
0.929223744292237             0.182685259072493             
0.929984779299848             0.182178779538863             
0.930745814307458             0.181675569308044             
0.931506849315068             0.181175583914541             
0.932267884322679             0.18067877888434              
0.933028919330289             0.180185113779685             
0.933789954337899             0.179694546328536             
0.93455098934551              0.179207031001812             
0.93531202435312              0.178722524337882             
0.93607305936073              0.178240983309426             
0.936834094368341             0.177762364810322             
0.937595129375951             0.177286628727738             
0.938356164383562             0.176813736639701             
0.939117199391172             0.176343648475527             
0.939878234398782             0.175876321972279             
0.940639269406393             0.175411719176753             
0.941400304414003             0.17494980371617              
0.942161339421613             0.174490537639364             
0.942922374429224             0.174033879592238             
0.943683409436834             0.17357979441487              
0.944444444444444             0.173128244771571             
0.945205479452055             0.172679194527688             
0.945966514459665             0.172232608122146             
0.946727549467275             0.171788447543563             
0.947488584474886             0.171346681987216             
0.948249619482496             0.170907277235227             
0.949010654490106             0.170470199155693             
0.949771689497717             0.170035413769273             
0.950532724505327             0.169602886664432             
0.951293759512938             0.169172588289873             
0.952054794520548             0.168744487457572             
0.952815829528158             0.168318554668994             
0.953576864535769             0.167894761248066             
0.954337899543379             0.167473082618693             
0.955098934550989             0.16705349397806              
0.9558599695586               0.166635972242881             
0.95662100456621              0.166220496560004             
0.95738203957382              0.165807047848994             
0.958143074581431             0.16539560798843              
0.958904109589041             0.164986160868744             
0.959665144596651             0.164578691595198             
0.960426179604262             0.164173185661958             
0.961187214611872             0.163769629266849             
0.961948249619482             0.163368009553799             
0.962709284627093             0.162968313351698             
0.963470319634703             0.162570527499173             
0.964231354642313             0.162174638364482             
0.964992389649924             0.161780632259003             
0.965753424657534             0.161388492868716             
0.966514459665144             0.160998204806091             
0.967275494672755             0.160609748428131             
0.968036529680365             0.160223103907625             
0.968797564687976             0.15983824819137              
0.969558599695586             0.159455156719786             
0.970319634703196             0.159073803829308             
0.971080669710807             0.158694161535672             
0.971841704718417             0.158316201588761             
0.972602739726027             0.157939894219157             
0.973363774733638             0.157565209356007             
0.974124809741248             0.157192115719319             
0.974885844748858             0.156820582488511             
0.975646879756469             0.156450579568586             
0.976407914764079             0.156082076437847             
0.977168949771689             0.155715042806159             
0.9779299847793               0.155349450077963             
0.97869101978691              0.154985268594902             
0.97945205479452              0.15462247106412              
0.980213089802131             0.154261029814025             
0.980974124809741             0.153900919376964             
0.981735159817352             0.153542113761684             
0.982496194824962             0.153184589037675             
0.983257229832572             0.152828321809528             
0.984018264840183             0.15247328933631              
0.984779299847793             0.152119470616716             
0.985540334855403             0.151766845620938             
0.986301369863014             0.15141539574422              
0.987062404870624             0.151065103455589             
0.987823439878234             0.150715952799913             
0.988584474885845             0.150367929129548             
0.989345509893455             0.150021019358625             
0.990106544901065             0.149675215718006             
0.990867579908676             0.149330510250422             
0.991628614916286             0.14898689320924              
0.992389649923896             0.14864435252416              
0.993150684931507             0.148302876267159             
0.993911719939117             0.147962455027263             
0.994672754946727             0.147623081154706             
0.995433789954338             0.147284747946579             
0.996194824961948             0.146947450367031             
0.996955859969558             0.146611183740082             
0.997716894977169             0.146275943561465             
0.998477929984779             0.145941725463184             
0.99923896499239              0.145608525194122             
1.0                           0.145276338633305             
