time relative to tcryst: 56089457.98661761 years
r/r_wd                        B/B0
0.000801924619085806          0.999999999999984             
0.00160384923817161           0.999999999999983             
0.00240577385725742           0.999999999999986             
0.00320769847634322           0.999999999999986             
0.00400962309542903           0.999999999999987             
0.00481154771451484           0.99999999999999              
0.00561347233360064           0.999999999999984             
0.00641539695268645           0.999999999999992             
0.00721732157177225           0.999999999999994             
0.00801924619085806           0.999999999999994             
0.00882117080994387           0.999999999999995             
0.00962309542902967           0.999999999999997             
0.0104250200481155            0.999999999999999             
0.0112269446672013            0.999999999999999             
0.0120288692862871            0.999999999999998             
0.0128307939053729            0.999999999999998             
0.0136327185244587            0.999999999999999             
0.0144346431435445            0.999999999999996             
0.0152365677626303            1.0                           
0.0160384923817161            1.0                           
0.0168404170008019            1.00000000000001              
0.0176423416198877            1.00000000000001              
0.0184442662389735            1.00000000000001              
0.0192461908580593            1.00000000000001              
0.0200481154771451            1.0                           
0.020850040096231             1.00000000000001              
0.0216519647153168            1.00000000000001              
0.0224538893344026            1.00000000000001              
0.0232558139534884            1.00000000000001              
0.0240577385725742            1.00000000000001              
0.02485966319166              1.00000000000001              
0.0256615878107458            1.00000000000001              
0.0264635124298316            1.0                           
0.0272654370489174            1.0                           
0.0280673616680032            0.999999999999999             
0.028869286287089             0.999999999999997             
0.0296712109061748            0.999999999999995             
0.0304731355252606            0.999999999999995             
0.0312750601443464            0.999999999999996             
0.0320769847634322            0.999999999999993             
0.032878909382518             0.999999999999991             
0.0336808340016038            0.99999999999999              
0.0344827586206897            0.999999999999991             
0.0352846832397755            0.99999999999999              
0.0360866078588613            0.999999999999987             
0.0368885324779471            0.999999999999988             
0.0376904570970329            0.999999999999988             
0.0384923817161187            0.999999999999987             
0.0392943063352045            0.999999999999986             
0.0400962309542903            0.999999999999983             
0.0408981555733761            0.999999999999981             
0.0417000801924619            0.999999999999981             
0.0425020048115477            0.99999999999998              
0.0433039294306335            0.99999999999998              
0.0441058540497193            0.999999999999979             
0.0449077786688051            0.999999999999979             
0.0457097032878909            0.999999999999977             
0.0465116279069767            0.999999999999976             
0.0473135525260625            0.999999999999975             
0.0481154771451484            0.999999999999976             
0.0489174017642342            0.999999999999974             
0.04971932638332              0.999999999999974             
0.0505212510024058            0.999999999999975             
0.0513231756214916            0.999999999999977             
0.0521251002405774            0.999999999999979             
0.0529270248596632            0.999999999999979             
0.053728949478749             0.999999999999978             
0.0545308740978348            0.99999999999998              
0.0553327987169206            0.999999999999979             
0.0561347233360064            0.999999999999978             
0.0569366479550922            0.999999999999979             
0.057738572574178             0.999999999999982             
0.0585404971932638            0.999999999999982             
0.0593424218123496            0.99999999999998              
0.0601443464314354            0.999999999999979             
0.0609462710505213            0.999999999999979             
0.0617481956696071            0.999999999999979             
0.0625501202886929            0.999999999999981             
0.0633520449077787            0.999999999999982             
0.0641539695268645            0.999999999999985             
0.0649558941459503            0.999999999999985             
0.0657578187650361            0.99999999999999              
0.0665597433841219            0.999999999999991             
0.0673616680032077            0.999999999999992             
0.0681635926222935            0.999999999999992             
0.0689655172413793            0.999999999999994             
0.0697674418604651            0.999999999999994             
0.0705693664795509            0.999999999999997             
0.0713712910986367            1.0                           
0.0721732157177225            1.0                           
0.0729751403368083            1.0                           
0.0737770649558941            1.0                           
0.07457898957498              1.00000000000001              
0.0753809141940658            1.00000000000001              
0.0761828388131516            1.00000000000001              
0.0769847634322374            1.00000000000001              
0.0777866880513232            1.00000000000001              
0.078588612670409             1.00000000000002              
0.0793905372894948            1.00000000000002              
0.0801924619085806            1.00000000000002              
0.0809943865276664            1.00000000000002              
0.0817963111467522            1.00000000000002              
0.082598235765838             1.00000000000002              
0.0834001603849238            1.00000000000001              
0.0842020850040096            1.00000000000002              
0.0850040096230954            1.00000000000002              
0.0858059342421812            1.00000000000002              
0.086607858861267             1.00000000000001              
0.0874097834803528            1.00000000000001              
0.0882117080994387            1.00000000000001              
0.0890136327185245            1.00000000000001              
0.0898155573376103            1.00000000000001              
0.0906174819566961            1.00000000000001              
0.0914194065757819            1.00000000000001              
0.0922213311948677            1.00000000000001              
0.0930232558139535            1.0                           
0.0938251804330393            1.0                           
0.0946271050521251            1.0                           
0.0954290296712109            1.0                           
0.0962309542902967            1.0                           
0.0970328789093825            1.0                           
0.0978348035284683            0.999999999999998             
0.0986367281475541            0.999999999999998             
0.0994386527666399            0.999999999999996             
0.100240577385726             0.999999999999996             
0.101042502004812             0.999999999999995             
0.101844426623897             0.999999999999995             
0.102646351242983             0.999999999999994             
0.103448275862069             0.999999999999993             
0.104250200481155             0.999999999999993             
0.105052125100241             0.999999999999993             
0.105854049719326             0.999999999999994             
0.106655974338412             0.999999999999994             
0.107457898957498             0.999999999999994             
0.108259823576584             0.999999999999994             
0.10906174819567              0.999999999999994             
0.109863672814755             0.999999999999995             
0.110665597433841             0.999999999999995             
0.111467522052927             0.999999999999994             
0.112269446672013             0.999999999999996             
0.113071371291099             0.999999999999997             
0.113873295910184             0.999999999999997             
0.11467522052927              0.999999999999997             
0.115477145148356             0.999999999999997             
0.116279069767442             0.999999999999996             
0.117080994386528             0.999999999999994             
0.117882919005613             0.999999999999996             
0.118684843624699             0.999999999999998             
0.119486768243785             1.0                           
0.120288692862871             1.0                           
0.121090617481957             0.999999999999999             
0.121892542101043             0.999999999999996             
0.122694466720128             0.999999999999998             
0.123496391339214             0.999999999999998             
0.1242983159583               1.0                           
0.125100240577386             0.999999999999999             
0.125902165196472             0.999999999999997             
0.126704089815557             0.999999999999999             
0.127506014434643             1.0                           
0.128307939053729             1.0                           
0.129109863672815             1.00000000000001              
0.129911788291901             1.0                           
0.130713712910986             1.0                           
0.131515637530072             1.0                           
0.132317562149158             1.0                           
0.133119486768244             1.0                           
0.13392141138733              1.0                           
0.134723336006415             1.0                           
0.135525260625501             1.0                           
0.136327185244587             1.0                           
0.137129109863673             1.0                           
0.137931034482759             0.999999999999999             
0.138732959101844             0.999999999999999             
0.13953488372093              0.999999999999998             
0.140336808340016             0.999999999999999             
0.141138732959102             0.999999999999998             
0.141940657578188             0.999999999999998             
0.142742582197273             0.999999999999997             
0.143544506816359             0.999999999999997             
0.144346431435445             0.999999999999998             
0.145148356054531             0.999999999999998             
0.145950280673617             0.999999999999996             
0.146752205292702             0.999999999999995             
0.147554129911788             0.999999999999995             
0.148356054530874             0.999999999999995             
0.14915797914996              0.999999999999993             
0.149959903769046             0.999999999999994             
0.150761828388132             0.999999999999996             
0.151563753007217             0.999999999999995             
0.152365677626303             0.999999999999995             
0.153167602245389             0.999999999999995             
0.153969526864475             0.999999999999996             
0.154771451483561             0.999999999999995             
0.155573376102646             0.999999999999995             
0.156375300721732             0.999999999999991             
0.157177225340818             0.999999999999991             
0.157979149959904             0.999999999999993             
0.15878107457899              0.999999999999993             
0.159582999198075             0.999999999999994             
0.160384923817161             0.999999999999994             
0.161186848436247             0.999999999999995             
0.161988773055333             0.999999999999996             
0.162790697674419             0.999999999999997             
0.163592622293504             0.999999999999998             
0.16439454691259              0.999999999999998             
0.165196471531676             1.00000000000001              
0.165998396150762             1.0                           
0.166800320769848             1.0                           
0.167602245388933             1.0                           
0.168404170008019             1.0                           
0.169206094627105             1.0                           
0.170008019246191             1.0                           
0.170809943865277             1.0                           
0.171611868484362             1.0                           
0.172413793103448             0.999999999999999             
0.173215717722534             0.999999999999999             
0.17401764234162              0.999999999999999             
0.174819566960706             0.999999999999998             
0.175621491579792             0.999999999999999             
0.176423416198877             0.999999999999998             
0.177225340817963             0.999999999999998             
0.178027265437049             0.999999999999998             
0.178829190056135             1.0                           
0.179631114675221             0.999999999999999             
0.180433039294306             1.0                           
0.181234963913392             1.0                           
0.182036888532478             1.00000000000001              
0.182838813151564             1.00000000000001              
0.18364073777065              1.00000000000001              
0.184442662389735             1.00000000000001              
0.185244587008821             1.00000000000002              
0.186046511627907             1.00000000000002              
0.186848436246993             1.00000000000002              
0.187650360866079             1.00000000000001              
0.188452285485164             1.00000000000001              
0.18925421010425              1.00000000000001              
0.190056134723336             1.00000000000001              
0.190858059342422             1.00000000000001              
0.191659983961508             1.0                           
0.192461908580593             1.00000000000001              
0.193263833199679             1.0                           
0.194065757818765             1.0                           
0.194867682437851             1.0                           
0.195669607056937             0.999999999999999             
0.196471531676022             1.0                           
0.197273456295108             1.0                           
0.198075380914194             1.0                           
0.19887730553328              1.0                           
0.199679230152366             1.0                           
0.200481154771451             1.0                           
0.201283079390537             1.0                           
0.202085004009623             1.0                           
0.202886928628709             1.0                           
0.203688853247795             1.0                           
0.204490777866881             1.0                           
0.205292702485966             1.0                           
0.206094627105052             1.0                           
0.206896551724138             1.0                           
0.207698476343224             1.0                           
0.20850040096231              0.999999999999999             
0.209302325581395             1.0                           
0.210104250200481             1.0                           
0.210906174819567             1.0                           
0.211708099438653             1.0                           
0.212510024057739             1.0                           
0.213311948676824             1.0                           
0.21411387329591              1.0                           
0.214915797914996             1.0                           
0.215717722534082             1.0                           
0.216519647153168             1.0                           
0.217321571772253             1.0                           
0.218123496391339             1.0                           
0.218925421010425             1.0                           
0.219727345629511             1.0                           
0.220529270248597             1.0                           
0.221331194867682             0.999999999999999             
0.222133119486768             0.999999999999999             
0.222935044105854             0.999999999999999             
0.22373696872494              1.0                           
0.224538893344026             1.0                           
0.225340817963111             1.0                           
0.226142742582197             1.0                           
0.226944667201283             1.0                           
0.227746591820369             1.0                           
0.228548516439455             1.0                           
0.22935044105854              1.0                           
0.230152365677626             1.0                           
0.230954290296712             1.0                           
0.231756214915798             1.0                           
0.232558139534884             1.0                           
0.23336006415397              1.00000000000001              
0.234161988773055             1.00000000000001              
0.234963913392141             1.00000000000001              
0.235765838011227             1.00000000000001              
0.236567762630313             1.00000000000001              
0.237369687249399             1.00000000000001              
0.238171611868484             1.00000000000001              
0.23897353648757              1.00000000000001              
0.239775461106656             1.00000000000001              
0.240577385725742             1.00000000000001              
0.241379310344828             1.00000000000001              
0.242181234963913             1.00000000000001              
0.242983159582999             1.00000000000001              
0.243785084202085             1.0                           
0.244587008821171             1.0                           
0.245388933440257             1.0                           
0.246190858059342             1.00000000000001              
0.246992782678428             1.00000000000001              
0.247794707297514             1.0                           
0.2485966319166               1.0                           
0.249398556535686             1.00000000000001              
0.250200481154771             1.0                           
0.251002405773857             1.0                           
0.251804330392943             1.0                           
0.252606255012029             0.999999999999999             
0.253408179631115             1.0                           
0.2542101042502               1.0                           
0.255012028869286             0.999999999999999             
0.255813953488372             0.999999999999998             
0.256615878107458             0.999999999999997             
0.257417802726544             0.999999999999999             
0.258219727345629             0.999999999999999             
0.259021651964715             0.999999999999999             
0.259823576583801             0.999999999999997             
0.260625501202887             0.999999999999998             
0.261427425821973             0.999999999999997             
0.262229350441059             0.999999999999997             
0.263031275060144             0.999999999999998             
0.26383319967923              0.999999999999998             
0.264635124298316             0.999999999999996             
0.265437048917402             0.999999999999995             
0.266238973536488             0.999999999999993             
0.267040898155573             0.99999999999999              
0.267842822774659             0.999999999999985             
0.268644747393745             0.999999999999982             
0.269446672012831             0.999999999999981             
0.270248596631917             0.999999999999979             
0.271050521251002             0.999999999999975             
0.271852445870088             0.999999999999971             
0.272654370489174             0.999999999999969             
0.27345629510826              0.999999999999971             
0.274258219727346             0.99999999999997              
0.275060144346431             0.99999999999997              
0.275862068965517             0.999999999999972             
0.276663993584603             0.999999999999974             
0.277465918203689             0.999999999999976             
0.278267842822775             0.99999999999998              
0.27906976744186              0.999999999999983             
0.279871692060946             0.999999999999987             
0.280673616680032             0.999999999999989             
0.281475541299118             0.999999999999991             
0.282277465918204             0.999999999999993             
0.283079390537289             0.999999999999996             
0.283881315156375             0.999999999999996             
0.284683239775461             0.999999999999995             
0.285485164394547             0.999999999999996             
0.286287089013633             0.999999999999997             
0.287089013632719             0.999999999999996             
0.287890938251804             0.999999999999995             
0.28869286287089              0.999999999999995             
0.289494787489976             0.999999999999996             
0.290296712109062             0.999999999999994             
0.291098636728148             0.999999999999993             
0.291900561347233             0.99999999999999              
0.292702485966319             0.999999999999993             
0.293504410585405             0.999999999999992             
0.294306335204491             0.999999999999994             
0.295108259823577             0.999999999999992             
0.295910184442662             0.999999999999992             
0.296712109061748             0.999999999999993             
0.297514033680834             0.999999999999993             
0.29831595829992              0.999999999999992             
0.299117882919006             0.999999999999992             
0.299919807538091             0.999999999999992             
0.300721732157177             0.999999999999994             
0.301523656776263             0.999999999999994             
0.302325581395349             0.999999999999992             
0.303127506014435             0.999999999999995             
0.30392943063352              0.999999999999997             
0.304731355252606             0.999999999999997             
0.305533279871692             0.999999999999998             
0.306335204490778             0.999999999999998             
0.307137129109864             1.0                           
0.307939053728949             1.0                           
0.308740978348035             1.0                           
0.309542902967121             1.0                           
0.310344827586207             1.0                           
0.311146752205293             1.0                           
0.311948676824378             1.00000000000001              
0.312750601443464             1.0                           
0.31355252606255              1.00000000000001              
0.314354450681636             1.0                           
0.315156375300722             1.0                           
0.315958299919808             1.0                           
0.316760224538893             1.0                           
0.317562149157979             1.0                           
0.318364073777065             1.0                           
0.319165998396151             1.0                           
0.319967923015237             1.0                           
0.320769847634322             1.0                           
0.321571772253408             1.0                           
0.322373696872494             1.0                           
0.32317562149158              1.0                           
0.323977546110666             1.00000000000001              
0.324779470729751             1.00000000000001              
0.325581395348837             1.00000000000001              
0.326383319967923             1.00000000000001              
0.327185244587009             1.00000000000001              
0.327987169206095             1.00000000000002              
0.32878909382518              1.00000000000002              
0.329591018444266             1.00000000000002              
0.330392943063352             1.00000000000002              
0.331194867682438             1.00000000000001              
0.331996792301524             1.00000000000001              
0.332798716920609             1.00000000000001              
0.333600641539695             1.00000000000001              
0.334402566158781             1.00000000000001              
0.335204490777867             1.00000000000001              
0.336006415396953             1.00000000000001              
0.336808340016038             1.00000000000001              
0.337610264635124             1.00000000000001              
0.33841218925421              1.00000000000001              
0.339214113873296             1.00000000000001              
0.340016038492382             1.00000000000001              
0.340817963111468             1.00000000000001              
0.341619887730553             1.00000000000001              
0.342421812349639             1.00000000000001              
0.343223736968725             1.00000000000001              
0.344025661587811             1.0                           
0.344827586206897             1.0                           
0.345629510825982             1.0                           
0.346431435445068             1.0                           
0.347233360064154             1.0                           
0.34803528468324              1.0                           
0.348837209302326             1.0                           
0.349639133921411             1.0                           
0.350441058540497             1.0                           
0.351242983159583             1.0                           
0.352044907778669             1.0                           
0.352846832397755             1.0                           
0.35364875701684              1.0                           
0.354450681635926             1.00000000000001              
0.355252606255012             1.0                           
0.356054530874098             1.0                           
0.356856455493184             1.0                           
0.357658380112269             1.0                           
0.358460304731355             1.0                           
0.359262229350441             1.0                           
0.360064153969527             1.0                           
0.360866078588613             0.999999999999999             
0.361668003207698             0.999999999999998             
0.362469927826784             0.999999999999997             
0.36327185244587              0.999999999999997             
0.364073777064956             0.999999999999996             
0.364875701684042             0.999999999999996             
0.365677626303128             0.999999999999997             
0.366479550922213             0.999999999999999             
0.367281475541299             0.999999999999997             
0.368083400160385             0.999999999999997             
0.368885324779471             0.999999999999997             
0.369687249398557             0.999999999999996             
0.370489174017642             0.999999999999996             
0.371291098636728             0.999999999999994             
0.372093023255814             0.999999999999996             
0.3728949478749               0.999999999999994             
0.373696872493986             0.999999999999993             
0.374498797113071             0.999999999999993             
0.375300721732157             0.999999999999993             
0.376102646351243             0.999999999999994             
0.376904570970329             0.999999999999995             
0.377706495589415             0.999999999999993             
0.3785084202085               0.999999999999995             
0.379310344827586             0.99999999999999              
0.380112269446672             0.999999999999994             
0.380914194065758             0.999999999999994             
0.381716118684844             0.999999999999996             
0.382518043303929             0.999999999999994             
0.383319967923015             0.999999999999994             
0.384121892542101             0.999999999999995             
0.384923817161187             0.999999999999996             
0.385725741780273             0.999999999999998             
0.386527666399358             0.999999999999998             
0.387329591018444             0.999999999999999             
0.38813151563753              1.0                           
0.388933440256616             1.0                           
0.389735364875702             1.0                           
0.390537289494787             1.0                           
0.391339214113873             1.0                           
0.392141138732959             1.0                           
0.392943063352045             1.0                           
0.393744987971131             1.0                           
0.394546912590217             1.00000000000001              
0.395348837209302             1.00000000000001              
0.396150761828388             1.00000000000001              
0.396952686447474             1.00000000000001              
0.39775461106656              1.00000000000001              
0.398556535685646             1.00000000000001              
0.399358460304731             1.00000000000001              
0.400160384923817             1.00000000000001              
0.400962309542903             1.00000000000001              
0.401764234161989             1.00000000000001              
0.402566158781075             1.00000000000002              
0.40336808340016              1.00000000000002              
0.404170008019246             1.00000000000002              
0.404971932638332             1.00000000000002              
0.405773857257418             1.00000000000002              
0.406575781876504             1.00000000000002              
0.407377706495589             1.00000000000001              
0.408179631114675             1.00000000000001              
0.408981555733761             1.00000000000001              
0.409783480352847             1.0                           
0.410585404971933             1.0                           
0.411387329591018             1.0                           
0.412189254210104             1.0                           
0.41299117882919              1.0                           
0.413793103448276             0.999999999999999             
0.414595028067362             0.999999999999999             
0.415396952686447             0.999999999999998             
0.416198877305533             0.999999999999998             
0.417000801924619             0.999999999999996             
0.417802726543705             0.999999999999997             
0.418604651162791             0.999999999999999             
0.419406575781877             0.999999999999998             
0.420208500400962             1.0                           
0.421010425020048             1.0                           
0.421812349639134             0.999999999999999             
0.42261427425822              0.999999999999999             
0.423416198877306             0.999999999999998             
0.424218123496391             1.0                           
0.425020048115477             1.0                           
0.425821972734563             0.999999999999999             
0.426623897353649             0.999999999999999             
0.427425821972735             1.0                           
0.42822774659182              1.0                           
0.429029671210906             1.0                           
0.429831595829992             1.0                           
0.430633520449078             1.00000000000001              
0.431435445068164             1.00000000000001              
0.432237369687249             1.00000000000001              
0.433039294306335             1.00000000000002              
0.433841218925421             1.00000000000002              
0.434643143544507             1.00000000000002              
0.435445068163593             1.00000000000001              
0.436246992782678             1.00000000000001              
0.437048917401764             1.00000000000001              
0.43785084202085              1.00000000000001              
0.438652766639936             1.00000000000001              
0.439454691259022             1.00000000000001              
0.440256615878107             1.00000000000001              
0.441058540497193             1.00000000000001              
0.441860465116279             1.00000000000001              
0.442662389735365             1.00000000000001              
0.443464314354451             1.00000000000001              
0.444266238973536             1.00000000000001              
0.445068163592622             1.00000000000001              
0.445870088211708             1.00000000000001              
0.446672012830794             1.00000000000001              
0.44747393744988              1.00000000000001              
0.448275862068966             1.00000000000001              
0.449077786688051             1.0                           
0.449879711307137             1.0                           
0.450681635926223             1.0                           
0.451483560545309             0.999999999999998             
0.452285485164395             0.999999999999996             
0.45308740978348              0.999999999999994             
0.453889334402566             0.999999999999993             
0.454691259021652             0.999999999999992             
0.455493183640738             0.99999999999999              
0.456295108259824             0.999999999999991             
0.457097032878909             0.99999999999999              
0.457898957497995             0.99999999999999              
0.458700882117081             0.99999999999999              
0.459502806736167             0.99999999999999              
0.460304731355253             0.999999999999989             
0.461106655974338             0.99999999999999              
0.461908580593424             0.999999999999989             
0.46271050521251              0.999999999999988             
0.463512429831596             0.999999999999988             
0.464314354450682             0.999999999999988             
0.465116279069767             0.999999999999987             
0.465918203688853             0.999999999999987             
0.466720128307939             0.999999999999986             
0.467522052927025             0.999999999999986             
0.468323977546111             0.999999999999988             
0.469125902165196             0.999999999999988             
0.469927826784282             0.99999999999999              
0.470729751403368             0.999999999999989             
0.471531676022454             0.999999999999989             
0.47233360064154              0.99999999999999              
0.473135525260626             0.999999999999991             
0.473937449879711             0.999999999999992             
0.474739374498797             0.999999999999991             
0.475541299117883             0.999999999999992             
0.476343223736969             0.999999999999993             
0.477145148356055             0.999999999999992             
0.47794707297514              0.999999999999992             
0.478748997594226             0.999999999999991             
0.479550922213312             0.999999999999994             
0.480352846832398             0.999999999999993             
0.481154771451484             0.999999999999993             
0.481956696070569             0.999999999999992             
0.482758620689655             0.999999999999993             
0.483560545308741             0.999999999999993             
0.484362469927827             0.999999999999993             
0.485164394546913             0.999999999999994             
0.485966319165998             0.999999999999994             
0.486768243785084             0.999999999999995             
0.48757016840417              0.999999999999995             
0.488372093023256             0.999999999999995             
0.489174017642342             0.999999999999995             
0.489975942261427             0.999999999999997             
0.490777866880513             0.999999999999998             
0.491579791499599             0.999999999999998             
0.492381716118685             0.999999999999998             
0.493183640737771             0.999999999999997             
0.493985565356856             0.999999999999997             
0.494787489975942             0.999999999999996             
0.495589414595028             0.999999999999995             
0.496391339214114             0.999999999999993             
0.4971932638332               0.999999999999994             
0.497995188452285             0.999999999999992             
0.498797113071371             0.999999999999992             
0.499599037690457             0.999999999999991             
0.500400962309543             0.999999999999991             
0.501202886928629             0.999999999999994             
0.502004811547714             0.999999999999991             
0.5028067361668               0.999999999999991             
0.503608660785886             0.99999999999999              
0.504410585404972             0.999999999999989             
0.505212510024058             0.999999999999989             
0.506014434643144             0.999999999999988             
0.506816359262229             0.999999999999987             
0.507618283881315             0.999999999999986             
0.508420208500401             0.999999999999986             
0.509222133119487             0.999999999999986             
0.510024057738573             0.999999999999987             
0.510825982357658             0.999999999999987             
0.511627906976744             0.999999999999988             
0.51242983159583              0.999999999999989             
0.513231756214916             0.999999999999989             
0.514033680834002             0.999999999999989             
0.514835605453087             0.99999999999999              
0.515637530072173             0.999999999999989             
0.516439454691259             0.999999999999988             
0.517241379310345             0.999999999999988             
0.518043303929431             0.999999999999988             
0.518845228548516             0.999999999999987             
0.519647153167602             0.999999999999986             
0.520449077786688             0.999999999999986             
0.521251002405774             0.999999999999983             
0.52205292702486              0.999999999999985             
0.522854851643946             0.999999999999983             
0.523656776263031             0.999999999999982             
0.524458700882117             0.999999999999977             
0.525260625501203             0.999999999999973             
0.526062550120289             0.999999999999967             
0.526864474739374             0.999999999999958             
0.52766639935846              0.999999999999948             
0.528468323977546             0.999999999999935             
0.529270248596632             0.999999999999918             
0.530072173215718             0.999999999999899             
0.530874097834804             0.999999999999873             
0.531676022453889             0.999999999999839             
0.532477947072975             0.999999999999798             
0.533279871692061             0.999999999999749             
0.534081796311147             0.999999999999683             
0.534883720930233             0.999999999999599             
0.535685645549318             0.999999999999496             
0.536487570168404             0.999999999999366             
0.53728949478749              0.999999999999204             
0.538091419406576             0.999999999999                
0.538893344025662             0.999999999998747             
0.539695268644747             0.999999999998436             
0.540497193263833             0.999999999998047             
0.541299117882919             0.999999999997566             
0.542101042502005             0.999999999996968             
0.542902967121091             0.999999999996229             
0.543704891740176             0.999999999995318             
0.544506816359262             0.999999999994192             
0.545308740978348             0.999999999992806             
0.546110665597434             0.999999999991099             
0.54691259021652              0.999999999989002             
0.547714514835605             0.999999999986427             
0.548516439454691             0.999999999983271             
0.549318364073777             0.999999999979412             
0.550120288692863             0.999999999974694             
0.550922213311949             0.999999999968932             
0.551724137931034             0.999999999961908             
0.55252606255012              0.999999999953354             
0.553327987169206             0.999999999942945             
0.554129911788292             0.999999999930296             
0.554931836407378             0.999999999914946             
0.555733761026464             0.99999999989634              
0.556535685645549             0.999999999873817             
0.557337610264635             0.999999999846581             
0.558139534883721             0.999999999813693             
0.558941459502807             0.999999999774024             
0.559743384121893             0.999999999726239             
0.560545308740978             0.999999999668746             
0.561347233360064             0.999999999599658             
0.56214915797915              0.999999999516734             
0.562951082598236             0.99999999941732              
0.563753007217322             0.999999999298267             
0.564554931836407             0.999999999155856             
0.565356856455493             0.999999998985688             
0.566158781074579             0.999999998782593             
0.566960705693665             0.99999999854048              
0.567762630312751             0.999999998252192             
0.568564554931836             0.999999997909313             
0.569366479550922             0.999999997501977             
0.570168404170008             0.999999997018628             
0.570970328789094             0.999999996445741             
0.57177225340818              0.999999995767503             
0.572574178027265             0.999999994965458             
0.573376102646351             0.999999994018092             
0.574178027265437             0.999999992900341             
0.574979951884523             0.999999991583052             
0.575781876503609             0.999999990032345             
0.576583801122694             0.999999988209015             
0.57738572574178              0.999999986067797             
0.578187650360866             0.999999983556328             
0.578989574979952             0.999999980614113             
0.579791499599038             0.999999977171346             
0.580593424218123             0.999999973147265             
0.581395348837209             0.999999968448642             
0.582197273456295             0.999999962968157             
0.582999198075381             0.99999995658207              
0.583801122694467             0.999999949148216             
0.584603047313553             0.999999940503729             
0.585404971932638             0.999999930462289             
0.586206896551724             0.999999918810619             
0.58700882117081              0.999999905304864             
0.587810745789896             0.999999889666984             
0.588612670408982             0.99999987158015              
0.589414595028067             0.999999850683445             
0.590216519647153             0.999999826566178             
0.591018444266239             0.999999798761376             
0.591820368885325             0.999999766738755             
0.592622293504411             0.999999729896846             
0.593424218123496             0.999999687554829             
0.594226142742582             0.999999638945022             
0.595028067361668             0.999999583200056             
0.595829991980754             0.999999519341016             
0.59663191659984              0.999999446256853             
0.597433841218925             0.999999362690384             
0.598235765838011             0.999999267227721             
0.599037690457097             0.99999915828068              
0.599839615076183             0.999999034064393             
0.600641539695269             0.999998892574981             
0.601443464314354             0.999998731574684             
0.60224538893344              0.999998548569914             
0.603047313552526             0.999998340772924             
0.603849238171612             0.999998105070544             
0.604651162790698             0.999997837989962             
0.605453087409783             0.999997535665318             
0.606255012028869             0.999997193806018             
0.607056936647955             0.999996807643289             
0.607858861267041             0.999996371882625             
0.608660785886127             0.999995880596585             
0.609462710505213             0.999995327205527             
0.610264635124298             0.999994704403135             
0.611066559743384             0.999994004096405             
0.61186848436247              0.999993217381832             
0.612670408981556             0.999992334437648             
0.613472333600642             0.999991344427177             
0.614274258219727             0.99999023541527              
0.615076182838813             0.999988994267999             
0.615878107457899             0.999987606539663             
0.616680032076985             0.999986056358683             
0.617481956696071             0.999984326305412             
0.618283881315156             0.999982397277626             
0.619085805934242             0.999980248362131             
0.619887730553328             0.999977856751782             
0.620689655172414             0.99997519752015              
0.6214915797915               0.999972243451775             
0.622293504410585             0.999968964800638             
0.623095429029671             0.999965329142615             
0.623897353648757             0.999961301188649             
0.624699278267843             0.99995684260813              
0.625501202886929             0.999951911751759             
0.626303127506014             0.99994646337045              
0.6271050521251               0.999940448350005             
0.627906976744186             0.999933813462132             
0.628708901363272             0.999926500944836             
0.629510825982358             0.999918448308684             
0.630312750601443             0.999909587810732             
0.631114675220529             0.999899846109425             
0.631916599839615             0.999889144039696             
0.632718524458701             0.999877397619241             
0.633520449077787             0.999864516712394             
0.634322373696872             0.99985040445165              
0.635124298315958             0.99983495683726              
0.635926222935044             0.99981806156438              
0.63672814755413              0.999799596466817             
0.637530072173216             0.999779431323545             
0.638331996792302             0.999757427621756             
0.639133921411387             0.999733437227037             
0.639935846030473             0.999707301859667             
0.640737770649559             0.999678853643961             
0.641539695268645             0.999647914779752             
0.642341619887731             0.999614295999534             
0.643143544506816             0.99957779602184              
0.643945469125902             0.999538200037545             
0.644747393744988             0.999495278832361             
0.645549318364074             0.999448789159988             
0.64635124298316              0.999398472563768             
0.647153167602245             0.999344054975739             
0.647955092221331             0.999285246262738             
0.648757016840417             0.999221741395337             
0.649558941459503             0.999153218330232             
0.650360866078589             0.999079337206668             
0.651162790697674             0.998999740551267             
0.65196471531676              0.998914052649755             
0.652766639935846             0.998821878191329             
0.653568564554932             0.998722801532617             
0.654370489174018             0.99861638532081              
0.655172413793103             0.998502170580424             
0.655974338412189             0.998379676075781             
0.656776263031275             0.998248396152344             
0.657578187650361             0.998107801377621             
0.658380112269447             0.997957338013044             
0.659182036888532             0.997796430232803             
0.659983961507618             0.997624478076775             
0.660785886126704             0.997440855963373             
0.66158781074579              0.997244912184424             
0.662389735364876             0.9970359815541               
0.663191659983961             0.996813373284638             
0.663993584603047             0.99657637051378              
0.664795509222133             0.996324226626137             
0.665597433841219             0.996056152283128             
0.666399358460305             0.995771329563402             
0.667201283079391             0.995468905646561             
0.668003207698476             0.995147996775968             
0.668805132317562             0.994807699750816             
0.669607056936648             0.994447095225249             
0.670408981555734             0.994065235643962             
0.67121090617482              0.993661145296242             
0.672012830793905             0.993233822004534             
0.672814755412991             0.992782237827562             
0.673616680032077             0.99230533747338              
0.674418604651163             0.991802038615086             
0.675220529270249             0.991271229286443             
0.676022453889334             0.990711770765863             
0.67682437850842              0.990122498393844             
0.677626303127506             0.989502221721366             
0.678428227746592             0.98884972530577              
0.679230152365678             0.988163769664715             
0.680032076984763             0.987443095353318             
0.680834001603849             0.986686427614681             
0.681635926222935             0.985892470883129             
0.682437850842021             0.985059909812112             
0.683239775461107             0.98418745184614              
0.684041700080192             0.983273801704797             
0.684843624699278             0.982317650884851             
0.685645549318364             0.981317664308209             
0.68644747393745              0.980272418342736             
0.687249398556536             0.979180498575804             
0.688051323175621             0.978040495114311             
0.688853247794707             0.976851008061412             
0.689655172413793             0.975610631509799             
0.690457097032879             0.974317957780275             
0.691259021651965             0.972971578509677             
0.692060946271051             0.971570083933124             
0.692862870890136             0.970112055311561             
0.693664795509222             0.968596076833248             
0.694466720128308             0.96702074302761              
0.695268644747394             0.965384656777068             
0.696070569366479             0.963686425711648             
0.696872493985565             0.961924664702377             
0.697674418604651             0.960098001848187             
0.698476343223737             0.958205058371352             
0.699278267842823             0.956244471918359             
0.700080192461909             0.954214922703134             
0.700882117080994             0.952115149636963             
0.70168404170008              0.949943916854452             
0.702485966319166             0.947700015908243             
0.703287890938252             0.945382331817832             
0.704089815557338             0.942989811117599             
0.704891740176423             0.940521435937655             
0.705693664795509             0.937976226015475             
0.706495589414595             0.93535325689045              
0.707297514033681             0.932651646978372             
0.708099438652767             0.929870484552797             
0.708901363271852             0.927008859133666             
0.709703287890938             0.924065908961726             
0.710505212510024             0.92104082639559              
0.71130713712911              0.91793285373364              
0.712109061748196             0.914741273702275             
0.712910986367281             0.911465412651854             
0.713712910986367             0.908104647951463             
0.714514835605453             0.904658405560774             
0.715316760224539             0.901126179832568             
0.716118684843625             0.897507608246894             
0.716920609462711             0.893802389628468             
0.717722534081796             0.890010285331702             
0.718524458700882             0.886131123588318             
0.719326383319968             0.882164800593443             
0.720128307939054             0.878111278042186             
0.720930232558139             0.87397058393369              
0.721732157177225             0.869742831647291             
0.722534081796311             0.865428206139001             
0.723336006415397             0.861026960187102             
0.724137931034483             0.856539414743725             
0.724939855653569             0.851966074011967             
0.725741780272654             0.847307513416515             
0.72654370489174              0.842564374468377             
0.727345629510826             0.83773736312177              
0.728147554129912             0.83282721135018              
0.728949478748998             0.827834716990835             
0.729751403368083             0.82276073779556              
0.730553327987169             0.817606191378745             
0.731355252606255             0.812372059671885             
0.732157177225341             0.807059304649243             
0.732959101844427             0.801668950987169             
0.733761026463512             0.796202126042184             
0.734562951082598             0.790660021022472             
0.735364875701684             0.785043950652363             
0.73616680032077              0.779355291890803             
0.736968724939856             0.773595478055537             
0.737770649558941             0.76776602051191              
0.738572574178027             0.761868484651015             
0.739374498797113             0.755904486631426             
0.740176423416199             0.749875706174455             
0.740978348035285             0.743783871401907             
0.741780272654371             0.737630755017216             
0.742582197273456             0.731418172216299             
0.743384121892542             0.725147979220252             
0.744186046511628             0.718822063756576             
0.744987971130714             0.712442347381747             
0.745789895749799             0.706010793327986             
0.746591820368885             0.699529404003234             
0.747393744987971             0.693000205057947             
0.748195669607057             0.686425234418393             
0.748997594226143             0.679806558521647             
0.749799518845229             0.673146283919051             
0.750601443464314             0.666446540216275             
0.7514033680834               0.659709507164365             
0.752205292702486             0.652937393312933             
0.753007217321572             0.646132420468095             
0.753809141940658             0.639296832293992             
0.754611066559743             0.632432885215755             
0.755412991178829             0.625542841047944             
0.756214915797915             0.618629013239635             
0.757016840417001             0.611693739463208             
0.757818765036087             0.604739344020995             
0.758620689655172             0.597768030760924             
0.759422614274258             0.590782003904176             
0.760224538893344             0.583783456082746             
0.76102646351243              0.576774579799439             
0.761828388131516             0.569757613988088             
0.762630312750601             0.562734796591555             
0.763432237369687             0.555708348664933             
0.764234161988773             0.548680473227607             
0.765036086607859             0.541653358211187             
0.765838011226945             0.534629168711351             
0.766639935846031             0.527610046169796             
0.767441860465116             0.520598110938987             
0.768243785084202             0.513595454979959             
0.769045709703288             0.506604139083518             
0.769847634322374             0.499626192770892             
0.770649558941459             0.492663607694826             
0.771451483560545             0.485718316164857             
0.772253408179631             0.47879222295381              
0.773055332798717             0.471887068412859             
0.773857257417803             0.465004642727865             
0.774659182036889             0.45814685851286              
0.775461106655974             0.451315609898903             
0.77626303127506              0.444512756567215             
0.777064955894146             0.437740122278453             
0.777866880513232             0.430999494860167             
0.778668805132318             0.424292623263609             
0.779470729751403             0.417621213177932             
0.780272654370489             0.41098692842883              
0.781074578989575             0.404391390263646             
0.781876503608661             0.397836176695198             
0.782678428227747             0.391322824561844             
0.783480352846832             0.384852827394435             
0.784282277465918             0.378427629593887             
0.785084202085004             0.372048627403975             
0.78588612670409              0.36571716401413              
0.786688051323176             0.359434525994388             
0.787489975942261             0.353201951461278             
0.788291900561347             0.347020630230533             
0.789093825180433             0.340891703781608             
0.789895749799519             0.334816262245289             
0.790697674418605             0.328795324058334             
0.79149959903769              0.322829858034937             
0.792301523656776             0.316920817917635             
0.793103448275862             0.3110691111027               
0.793905372894948             0.305275613879584             
0.794707297514034             0.299541150366536             
0.795509222133119             0.293866459166619             
0.796311146752205             0.288252210809829             
0.797113071371291             0.28269901302819              
0.797914995990377             0.277207427266504             
0.798716920609463             0.271777958283265             
0.799518845228549             0.266411062379496             
0.800320769847634             0.261107151976754             
0.80112269446672              0.255866547066172             
0.801924619085806             0.250689518729748             
0.802726543704892             0.245576409379399             
0.803528468323978             0.240527539368891             
0.804330392943063             0.235543289546256             
0.805132317562149             0.230624342937537             
0.805934242181235             0.22577185764987              
0.806736166800321             0.220988190087497             
0.807538091419407             0.216275936030451             
0.808340016038492             0.211636879412325             
0.809141940657578             0.207071127819013             
0.809943865276664             0.202578679865748             
0.81074578989575              0.198159427495788             
0.811547714514836             0.193813171644513             
0.812349639133921             0.189539653171846             
0.813151563753007             0.18533854879796              
0.813953488372093             0.181209508558232             
0.814755412991179             0.177152226387256             
0.815557337610265             0.173166363549699             
0.81635926222935              0.169251620326122             
0.817161186848436             0.165407662226424             
0.817963111467522             0.161634085182072             
0.818765036086608             0.157930434057328             
0.819566960705694             0.154296205452028             
0.820368885324779             0.15073087160112              
0.821170809943865             0.147233850289776             
0.821972734562951             0.143804483279709             
0.822774659182037             0.140442094675783             
0.823576583801123             0.137145991771931             
0.824378508420208             0.13391544011534              
0.825180433039294             0.130749692389365             
0.82598235765838              0.127647989584094             
0.826784282277466             0.124609566027152             
0.827586206896552             0.121633649077609             
0.828388131515638             0.118719477232598             
0.829190056134723             0.115866290041346             
0.829991980753809             0.113073312479941             
0.830793905372895             0.110339759191911             
0.831595829991981             0.107664824505915             
0.832397754611067             0.105047710212455             
0.833199679230152             0.102487631564227             
0.834001603849238             0.0999837836431346            
0.834803528468324             0.0975353296898171            
0.83560545308741              0.0951414063249552            
0.836407377706496             0.0928010838107541            
0.837209302325581             0.0905134383879033            
0.838011226944667             0.0882775657195344            
0.838813151563753             0.0860925828873834            
0.839615076182839             0.0839576128653294            
0.840417000801925             0.0818717860728988            
0.84121892542101              0.0798342404456789            
0.842020850040096             0.0778441205052231            
0.842822774659182             0.0759005798068361            
0.843624699278268             0.0740027906501567            
0.844426623897354             0.0721499751608064            
0.845228548516439             0.0703413664725396            
0.846030473135525             0.0685761913504014            
0.846832397754611             0.0668536192762383            
0.847634322373697             0.0651727772907984            
0.848436246992783             0.0635327687924317            
0.849238171611868             0.061932713337717             
0.850040096230954             0.0603718021460576            
0.85084202085004              0.0588492538765125            
0.851643945469126             0.0573642987100565            
0.852445870088212             0.055916161837561             
0.853247794707298             0.0545040706099129            
0.854049719326383             0.0531272557016515            
0.854851643945469             0.0517849623332887            
0.855653568564555             0.0504764376124622            
0.856455493183641             0.0492009131630396            
0.857257417802727             0.0479576706306386            
0.858059342421812             0.04674603487332              
0.858861267040898             0.0455653770028335            
0.859663191659984             0.0444150619211138            
0.86046511627907              0.0432944254305177            
0.861267040898156             0.0422027932441694            
0.862068965517241             0.0411394582662591            
0.862870890136327             0.0401037308943566            
0.863672814755413             0.039094945675109             
0.864474739374499             0.0381124628339343            
0.865276663993585             0.0371556577403384            
0.86607858861267              0.0362239189570474            
0.866880513231756             0.0353166488931069            
0.867682437850842             0.0344333038697911            
0.868484362469928             0.0335733535778777            
0.869286287089014             0.032736257675316             
0.870088211708099             0.0319214717580561            
0.870890136327185             0.0311284397480324            
0.871692060946271             0.0303565764846398            
0.872493985565357             0.0296053145815829            
0.873295910184443             0.028874138450529             
0.874097834803528             0.028162555327831             
0.874899759422614             0.0274700772104331            
0.8757016840417               0.026796203801137             
0.876503608660786             0.0261404651483974            
0.877305533279872             0.0255024244901314            
0.878107457898957             0.0248816480169581            
0.878909382518043             0.0242777045501002            
0.879711307137129             0.0236901943792978            
0.880513231756215             0.0231187204366211            
0.881315156375301             0.0225628780914553            
0.882117080994387             0.0220222520980174            
0.882919005613472             0.0214964329116859            
0.883720930232558             0.0209850196747934            
0.884522854851644             0.0204876369362875            
0.88532477947073              0.0200039373305733            
0.886126704089816             0.019533579720211             
0.886928628708901             0.0190762219506277            
0.887730553327987             0.0186315334035224            
0.888532477947073             0.0181991855603242            
0.889334402566159             0.0177788457077165            
0.890136327185245             0.0173701708358895            
0.89093825180433              0.0169728414953829            
0.891740176423416             0.016586553706186             
0.892542101042502             0.0162110173318294            
0.893344025661588             0.0158459526974062            
0.894145950280674             0.0154910968452102            
0.894947874899759             0.0151461876844742            
0.895749799518845             0.0148109624973057            
0.896551724137931             0.014485151917131             
0.897353648757017             0.0141684930704165            
0.898155573376103             0.0138607385717719            
0.898957497995188             0.0135616459457028            
0.899759422614274             0.0132709795292357            
0.90056134723336              0.0129885152158781            
0.901363271852446             0.0127140348994162            
0.902165196471532             0.0124473213676245            
0.902967121090617             0.012188142232245             
0.903769045709703             0.0119362951206314            
0.904570970328789             0.0116915907867397            
0.905372894947875             0.0114538446894239            
0.906174819566961             0.0112228704089573            
0.906976744186046             0.0109984830225295            
0.907778668805132             0.0107804930660462            
0.908580593424218             0.0105687224648762            
0.909382518043304             0.0103629952858998            
0.91018444266239              0.0101631479474673            
0.910986367281476             0.00996902222623123           
0.911788291900561             0.00978046157108592           
0.912590216519647             0.00959731370194332           
0.913392141138733             0.00941943430738792           
0.914194065757819             0.00924668252759688           
0.914995990376905             0.00907890392677848           
0.91579791499599              0.00891596407203864           
0.916599839615076             0.00875774041509233           
0.917401764234162             0.00860410246001146           
0.918203688853248             0.00845492432644129           
0.919005613472334             0.00831008827647001           
0.919807538091419             0.00816947516887818           
0.920609462710505             0.00803295269740264           
0.921411387329591             0.00790040203047094           
0.922213311948677             0.00777171432853934           
0.923015236567763             0.0076467840982093            
0.923817161186848             0.0075255082800745            
0.924619085805934             0.00740778654440724           
0.92542101042502              0.00729351925303766           
0.926222935044106             0.00718260666814537           
0.927024859663192             0.00707495224802604           
0.927826784282277             0.00697046139027262           
0.928628708901363             0.00686905077151445           
0.929430633520449             0.00677063491441604           
0.930232558139535             0.00667513266782666           
0.931034482758621             0.00658246323132238           
0.931836407377706             0.00649253607077284           
0.932638331996792             0.0064052724384185            
0.933440256615878             0.00632059730758126           
0.934242181234964             0.00623843892990094           
0.93504410585405              0.0061587255532427            
0.935846030473136             0.00608139163777599           
0.936647955092221             0.00600637102306793           
0.937449879711307             0.00593359389920495           
0.938251804330393             0.00586299503222264           
0.939053728949479             0.00579451042595026           
0.939855653568564             0.00572807523723645           
0.94065757818765              0.00566363105616434           
0.941459502806736             0.00560112274386201           
0.942261427425822             0.00554049207928191           
0.943063352044908             0.00548168118361018           
0.943865276663994             0.00542463759591622           
0.944667201283079             0.00536931183246241           
0.945469125902165             0.00531565054346073           
0.946271050521251             0.00526360245491231           
0.947072975140337             0.00521312228305098           
0.947874899759423             0.0051641596191013            
0.948676824378508             0.00511666606064396           
0.949478748997594             0.00507059567637769           
0.95028067361668              0.00502590371594874           
0.951082598235766             0.00498254885506594           
0.951884522854852             0.00494048778283704           
0.952686447473937             0.00489967836981094           
0.953488372093023             0.00486007726969882           
0.954290296712109             0.00482164847586059           
0.955092221331195             0.0047843573224985            
0.955894145950281             0.00474816824596207           
0.956696070569366             0.00471304472855558           
0.957497995188452             0.00467895428375337           
0.958299919807538             0.0046458674456515            
0.959101844426624             0.00461375821916699           
0.95990376904571              0.00458260295620838           
0.960705693664796             0.00455238056082892           
0.961507618283881             0.00452307268206747           
0.962309542902967             0.00449466272677555           
0.963111467522053             0.004467136434259             
0.963913392141139             0.00444048152355955           
0.964715316760224             0.00441468730399663           
0.96551724137931              0.00438974468145295           
0.966319165998396             0.00436564503238896           
0.967121090617482             0.00434237980262717           
0.967923015236568             0.00431993938812853           
0.968724939855654             0.00429831284958909           
0.969526864474739             0.00427748587223719           
0.970328789093825             0.00425744173870901           
0.971130713712911             0.00423816063897841           
0.971932638331997             0.00421961841434037           
0.972734562951083             0.0042017851967819            
0.973536487570168             0.00418463132265755           
0.974338412189254             0.00416812264958952           
0.97514033680834              0.00415222559976901           
0.975942261427426             0.00413690572334493           
0.976744186046512             0.00412212915157305           
0.977546110665597             0.00410786041475786           
0.978348035284683             0.00409406702125078           
0.979149959903769             0.00408071712397893           
0.979951884522855             0.00406777925852047           
0.980753809141941             0.00405522251343554           
0.981555733761026             0.00404301887540351           
0.982357658380112             0.0040311389128174            
0.983159582999198             0.00401955610439699           
0.983961507618284             0.00400824501222031           
0.98476343223737              0.003997181195777             
0.985565356856456             0.00398634157562726           
0.986367281475541             0.00397570464963975           
0.987169206094627             0.00396525016751662           
0.987971130713713             0.00395495956558351           
0.988773055332799             0.00394481516533474           
0.989574979951884             0.00393480073169414           
0.99037690457097              0.00392490175928687           
0.991178829190056             0.00391510475610914           
0.991980753809142             0.00390539798530973           
0.992782678428228             0.00389577064286879           
0.993584603047314             0.00388621340744288           
0.994386527666399             0.00387671845725129           
0.995188452285485             0.00386728188032674           
0.995990376904571             0.00385790254818405           
0.996792301523657             0.00384857477397266           
0.997594226142743             0.00383929029284773           
0.998396150761828             0.00383004261845624           
0.999198075380914             0.00382082749009709           
1.0                           0.00381164281182627           
