time relative to tcryst: 1171513.075461702 years
r/r_wd                        B/B0
0.000801924619085806          0.999999999999997             
0.00160384923817161           0.999999999999996             
0.00240577385725742           0.999999999999994             
0.00320769847634322           0.999999999999995             
0.00400962309542903           0.999999999999996             
0.00481154771451484           0.999999999999996             
0.00561347233360064           0.999999999999998             
0.00641539695268645           0.999999999999999             
0.00721732157177225           0.999999999999999             
0.00801924619085806           1.0                           
0.00882117080994387           1.0                           
0.00962309542902967           1.0                           
0.0104250200481155            1.0                           
0.0112269446672013            1.0                           
0.0120288692862871            1.0                           
0.0128307939053729            1.0                           
0.0136327185244587            0.999999999999999             
0.0144346431435445            0.999999999999998             
0.0152365677626303            1.0                           
0.0160384923817161            1.0                           
0.0168404170008019            1.0                           
0.0176423416198877            0.999999999999999             
0.0184442662389735            1.0                           
0.0192461908580593            1.0                           
0.0200481154771451            0.999999999999998             
0.020850040096231             0.999999999999996             
0.0216519647153168            1.0                           
0.0224538893344026            1.0                           
0.0232558139534884            1.00000000000001              
0.0240577385725742            1.00000000000001              
0.02485966319166              1.00000000000001              
0.0256615878107458            1.00000000000001              
0.0264635124298316            1.0                           
0.0272654370489174            1.0                           
0.0280673616680032            1.0                           
0.028869286287089             1.0                           
0.0296712109061748            1.0                           
0.0304731355252606            1.0                           
0.0312750601443464            1.0                           
0.0320769847634322            1.0                           
0.032878909382518             1.0                           
0.0336808340016038            1.0                           
0.0344827586206897            1.0                           
0.0352846832397755            1.0                           
0.0360866078588613            1.0                           
0.0368885324779471            1.0                           
0.0376904570970329            1.0                           
0.0384923817161187            0.999999999999999             
0.0392943063352045            0.999999999999997             
0.0400962309542903            0.999999999999998             
0.0408981555733761            0.999999999999997             
0.0417000801924619            0.999999999999998             
0.0425020048115477            1.0                           
0.0433039294306335            1.0                           
0.0441058540497193            1.0                           
0.0449077786688051            1.0                           
0.0457097032878909            1.0                           
0.0465116279069767            1.0                           
0.0473135525260625            1.0                           
0.0481154771451484            0.999999999999999             
0.0489174017642342            0.999999999999999             
0.04971932638332              0.999999999999999             
0.0505212510024058            0.999999999999999             
0.0513231756214916            0.999999999999999             
0.0521251002405774            1.0                           
0.0529270248596632            0.999999999999998             
0.053728949478749             0.999999999999998             
0.0545308740978348            0.999999999999996             
0.0553327987169206            0.999999999999997             
0.0561347233360064            0.999999999999999             
0.0569366479550922            0.999999999999999             
0.057738572574178             0.999999999999998             
0.0585404971932638            0.999999999999999             
0.0593424218123496            1.0                           
0.0601443464314354            0.999999999999999             
0.0609462710505213            0.999999999999998             
0.0617481956696071            1.0                           
0.0625501202886929            1.0                           
0.0633520449077787            1.0                           
0.0641539695268645            0.999999999999998             
0.0649558941459503            0.999999999999998             
0.0657578187650361            0.999999999999999             
0.0665597433841219            0.999999999999995             
0.0673616680032077            0.999999999999998             
0.0681635926222935            0.999999999999996             
0.0689655172413793            0.999999999999996             
0.0697674418604651            0.999999999999991             
0.0705693664795509            0.999999999999995             
0.0713712910986367            0.999999999999996             
0.0721732157177225            0.999999999999994             
0.0729751403368083            0.999999999999998             
0.0737770649558941            1.0                           
0.07457898957498              1.0                           
0.0753809141940658            0.999999999999996             
0.0761828388131516            1.0                           
0.0769847634322374            0.999999999999999             
0.0777866880513232            0.999999999999999             
0.078588612670409             0.999999999999999             
0.0793905372894948            1.0                           
0.0801924619085806            1.0                           
0.0809943865276664            1.0                           
0.0817963111467522            1.0                           
0.082598235765838             1.0                           
0.0834001603849238            1.0                           
0.0842020850040096            1.0                           
0.0850040096230954            1.0                           
0.0858059342421812            0.999999999999999             
0.086607858861267             0.999999999999998             
0.0874097834803528            0.999999999999998             
0.0882117080994387            0.999999999999997             
0.0890136327185245            0.999999999999999             
0.0898155573376103            0.999999999999999             
0.0906174819566961            1.0                           
0.0914194065757819            1.0                           
0.0922213311948677            0.999999999999999             
0.0930232558139535            0.999999999999998             
0.0938251804330393            1.0                           
0.0946271050521251            0.999999999999999             
0.0954290296712109            1.0                           
0.0962309542902967            1.0                           
0.0970328789093825            1.0                           
0.0978348035284683            1.0                           
0.0986367281475541            1.0                           
0.0994386527666399            1.0                           
0.100240577385726             1.0                           
0.101042502004812             0.999999999999998             
0.101844426623897             0.999999999999999             
0.102646351242983             1.0                           
0.103448275862069             1.0                           
0.104250200481155             0.999999999999998             
0.105052125100241             0.999999999999999             
0.105854049719326             0.999999999999997             
0.106655974338412             0.999999999999998             
0.107457898957498             1.0                           
0.108259823576584             1.0                           
0.10906174819567              1.0                           
0.109863672814755             1.0                           
0.110665597433841             1.0                           
0.111467522052927             1.0                           
0.112269446672013             1.0                           
0.113071371291099             1.0                           
0.113873295910184             1.0                           
0.11467522052927              1.0                           
0.115477145148356             1.0                           
0.116279069767442             0.999999999999999             
0.117080994386528             1.0                           
0.117882919005613             0.999999999999998             
0.118684843624699             0.999999999999998             
0.119486768243785             0.999999999999998             
0.120288692862871             1.0                           
0.121090617481957             1.0                           
0.121892542101043             1.0                           
0.122694466720128             1.0                           
0.123496391339214             0.999999999999999             
0.1242983159583               1.0                           
0.125100240577386             0.999999999999998             
0.125902165196472             0.999999999999999             
0.126704089815557             0.999999999999998             
0.127506014434643             1.0                           
0.128307939053729             0.999999999999999             
0.129109863672815             1.0                           
0.129911788291901             0.999999999999998             
0.130713712910986             0.999999999999998             
0.131515637530072             0.999999999999998             
0.132317562149158             0.999999999999998             
0.133119486768244             1.0                           
0.13392141138733              1.0                           
0.134723336006415             1.0                           
0.135525260625501             1.0                           
0.136327185244587             1.0                           
0.137129109863673             1.0                           
0.137931034482759             1.0                           
0.138732959101844             1.0                           
0.13953488372093              1.0                           
0.140336808340016             1.0                           
0.141138732959102             1.0                           
0.141940657578188             1.0                           
0.142742582197273             1.0                           
0.143544506816359             1.0                           
0.144346431435445             1.0                           
0.145148356054531             1.0                           
0.145950280673617             0.999999999999999             
0.146752205292702             0.999999999999999             
0.147554129911788             0.999999999999999             
0.148356054530874             1.0                           
0.14915797914996              0.999999999999998             
0.149959903769046             0.999999999999998             
0.150761828388132             1.0                           
0.151563753007217             1.0                           
0.152365677626303             1.0                           
0.153167602245389             1.0                           
0.153969526864475             0.999999999999998             
0.154771451483561             1.0                           
0.155573376102646             1.0                           
0.156375300721732             1.0                           
0.157177225340818             1.0                           
0.157979149959904             1.0                           
0.15878107457899              1.0                           
0.159582999198075             1.0                           
0.160384923817161             1.0                           
0.161186848436247             1.0                           
0.161988773055333             1.0                           
0.162790697674419             1.0                           
0.163592622293504             1.0                           
0.16439454691259              1.0                           
0.165196471531676             1.0                           
0.165998396150762             0.999999999999998             
0.166800320769848             0.999999999999999             
0.167602245388933             0.999999999999998             
0.168404170008019             0.999999999999997             
0.169206094627105             0.999999999999995             
0.170008019246191             0.999999999999994             
0.170809943865277             0.999999999999994             
0.171611868484362             0.999999999999986             
0.172413793103448             0.999999999999994             
0.173215717722534             0.999999999999999             
0.17401764234162              1.0                           
0.174819566960706             0.999999999999998             
0.175621491579792             0.999999999999998             
0.176423416198877             0.999999999999999             
0.177225340817963             1.0                           
0.178027265437049             1.0                           
0.178829190056135             0.999999999999999             
0.179631114675221             0.999999999999999             
0.180433039294306             1.0                           
0.181234963913392             1.0                           
0.182036888532478             1.0                           
0.182838813151564             1.0                           
0.18364073777065              1.0                           
0.184442662389735             1.0                           
0.185244587008821             1.0                           
0.186046511627907             1.0                           
0.186848436246993             1.0                           
0.187650360866079             1.0                           
0.188452285485164             1.0                           
0.18925421010425              1.0                           
0.190056134723336             1.0                           
0.190858059342422             1.0                           
0.191659983961508             1.0                           
0.192461908580593             1.0                           
0.193263833199679             1.0                           
0.194065757818765             1.0                           
0.194867682437851             1.0                           
0.195669607056937             1.0                           
0.196471531676022             1.0                           
0.197273456295108             1.0                           
0.198075380914194             1.0                           
0.19887730553328              1.0                           
0.199679230152366             1.0                           
0.200481154771451             1.0                           
0.201283079390537             1.0                           
0.202085004009623             1.0                           
0.202886928628709             1.0                           
0.203688853247795             0.999999999999999             
0.204490777866881             0.999999999999999             
0.205292702485966             1.0                           
0.206094627105052             1.0                           
0.206896551724138             1.0                           
0.207698476343224             0.999999999999999             
0.20850040096231              0.999999999999998             
0.209302325581395             1.0                           
0.210104250200481             0.999999999999997             
0.210906174819567             0.999999999999998             
0.211708099438653             0.999999999999999             
0.212510024057739             1.0                           
0.213311948676824             1.0                           
0.21411387329591              1.0                           
0.214915797914996             1.0                           
0.215717722534082             1.0                           
0.216519647153168             1.0                           
0.217321571772253             1.0                           
0.218123496391339             1.0                           
0.218925421010425             1.0                           
0.219727345629511             1.0                           
0.220529270248597             1.0                           
0.221331194867682             1.0                           
0.222133119486768             1.0                           
0.222935044105854             1.0                           
0.22373696872494              0.999999999999999             
0.224538893344026             0.999999999999997             
0.225340817963111             0.999999999999998             
0.226142742582197             0.999999999999998             
0.226944667201283             0.999999999999998             
0.227746591820369             0.999999999999998             
0.228548516439455             1.0                           
0.22935044105854              0.999999999999998             
0.230152365677626             0.999999999999998             
0.230954290296712             0.999999999999998             
0.231756214915798             1.0                           
0.232558139534884             1.0                           
0.23336006415397              1.0                           
0.234161988773055             1.0                           
0.234963913392141             1.0                           
0.235765838011227             1.0                           
0.236567762630313             0.999999999999997             
0.237369687249399             0.999999999999996             
0.238171611868484             0.999999999999998             
0.23897353648757              0.999999999999998             
0.239775461106656             0.999999999999999             
0.240577385725742             0.999999999999999             
0.241379310344828             1.0                           
0.242181234963913             1.0                           
0.242983159582999             0.999999999999999             
0.243785084202085             0.999999999999999             
0.244587008821171             0.999999999999998             
0.245388933440257             0.999999999999998             
0.246190858059342             0.999999999999993             
0.246992782678428             1.0                           
0.247794707297514             1.0                           
0.2485966319166               1.0                           
0.249398556535686             1.0                           
0.250200481154771             1.0                           
0.251002405773857             1.0                           
0.251804330392943             1.0                           
0.252606255012029             1.0                           
0.253408179631115             1.0                           
0.2542101042502               1.0                           
0.255012028869286             1.0                           
0.255813953488372             1.0                           
0.256615878107458             1.0                           
0.257417802726544             1.0                           
0.258219727345629             1.0                           
0.259021651964715             1.0                           
0.259823576583801             1.0                           
0.260625501202887             1.0                           
0.261427425821973             1.0                           
0.262229350441059             0.999999999999998             
0.263031275060144             1.0                           
0.26383319967923              1.0                           
0.264635124298316             0.999999999999998             
0.265437048917402             0.999999999999998             
0.266238973536488             0.999999999999999             
0.267040898155573             0.999999999999999             
0.267842822774659             1.0                           
0.268644747393745             0.999999999999998             
0.269446672012831             0.999999999999998             
0.270248596631917             1.0                           
0.271050521251002             1.0                           
0.271852445870088             1.0                           
0.272654370489174             1.0                           
0.27345629510826              1.0                           
0.274258219727346             1.0                           
0.275060144346431             1.0                           
0.275862068965517             1.0                           
0.276663993584603             1.0                           
0.277465918203689             1.0                           
0.278267842822775             1.00000000000001              
0.27906976744186              1.00000000000001              
0.279871692060946             1.0                           
0.280673616680032             1.0                           
0.281475541299118             1.0                           
0.282277465918204             1.0                           
0.283079390537289             0.999999999999999             
0.283881315156375             0.999999999999996             
0.284683239775461             0.999999999999992             
0.285485164394547             0.999999999999998             
0.286287089013633             0.999999999999999             
0.287089013632719             1.0                           
0.287890938251804             1.0                           
0.28869286287089              1.0                           
0.289494787489976             1.0                           
0.290296712109062             1.0                           
0.291098636728148             0.999999999999999             
0.291900561347233             0.999999999999999             
0.292702485966319             1.0                           
0.293504410585405             0.999999999999999             
0.294306335204491             0.999999999999999             
0.295108259823577             1.0                           
0.295910184442662             1.0                           
0.296712109061748             0.999999999999999             
0.297514033680834             0.999999999999999             
0.29831595829992              0.999999999999999             
0.299117882919006             1.0                           
0.299919807538091             1.0                           
0.300721732157177             1.0                           
0.301523656776263             1.0                           
0.302325581395349             1.0                           
0.303127506014435             1.0                           
0.30392943063352              1.0                           
0.304731355252606             1.0                           
0.305533279871692             0.999999999999999             
0.306335204490778             0.999999999999999             
0.307137129109864             1.0                           
0.307939053728949             1.0                           
0.308740978348035             1.0                           
0.309542902967121             0.999999999999999             
0.310344827586207             0.999999999999998             
0.311146752205293             0.999999999999998             
0.311948676824378             0.999999999999997             
0.312750601443464             0.999999999999995             
0.31355252606255              0.999999999999997             
0.314354450681636             0.999999999999998             
0.315156375300722             0.999999999999999             
0.315958299919808             0.999999999999999             
0.316760224538893             1.0                           
0.317562149157979             1.0                           
0.318364073777065             1.0                           
0.319165998396151             1.0                           
0.319967923015237             1.0                           
0.320769847634322             1.0                           
0.321571772253408             0.999999999999999             
0.322373696872494             1.0                           
0.32317562149158              1.0                           
0.323977546110666             1.0                           
0.324779470729751             1.0                           
0.325581395348837             0.999999999999999             
0.326383319967923             0.999999999999998             
0.327185244587009             0.999999999999999             
0.327987169206095             0.999999999999999             
0.32878909382518              0.999999999999999             
0.329591018444266             1.0                           
0.330392943063352             1.0                           
0.331194867682438             1.0                           
0.331996792301524             1.00000000000001              
0.332798716920609             1.0                           
0.333600641539695             0.999999999999999             
0.334402566158781             1.0                           
0.335204490777867             1.0                           
0.336006415396953             1.0                           
0.336808340016038             1.0                           
0.337610264635124             1.0                           
0.33841218925421              1.0                           
0.339214113873296             0.999999999999999             
0.340016038492382             0.999999999999992             
0.340817963111468             0.999999999999999             
0.341619887730553             1.0                           
0.342421812349639             1.0                           
0.343223736968725             1.0                           
0.344025661587811             1.0                           
0.344827586206897             1.0                           
0.345629510825982             1.0                           
0.346431435445068             0.999999999999999             
0.347233360064154             1.0                           
0.34803528468324              1.0                           
0.348837209302326             1.0                           
0.349639133921411             1.0                           
0.350441058540497             1.0                           
0.351242983159583             1.0                           
0.352044907778669             1.0                           
0.352846832397755             1.0                           
0.35364875701684              1.0                           
0.354450681635926             1.0                           
0.355252606255012             1.0                           
0.356054530874098             1.0                           
0.356856455493184             1.0                           
0.357658380112269             0.999999999999999             
0.358460304731355             0.999999999999995             
0.359262229350441             0.999999999999996             
0.360064153969527             0.999999999999996             
0.360866078588613             0.999999999999996             
0.361668003207698             0.999999999999999             
0.362469927826784             0.999999999999998             
0.36327185244587              0.999999999999999             
0.364073777064956             0.999999999999998             
0.364875701684042             0.999999999999998             
0.365677626303128             1.0                           
0.366479550922213             0.999999999999999             
0.367281475541299             0.999999999999997             
0.368083400160385             0.999999999999999             
0.368885324779471             1.0                           
0.369687249398557             0.999999999999999             
0.370489174017642             1.0                           
0.371291098636728             1.0                           
0.372093023255814             1.0                           
0.3728949478749               1.0                           
0.373696872493986             1.0                           
0.374498797113071             1.0                           
0.375300721732157             0.999999999999999             
0.376102646351243             0.999999999999997             
0.376904570970329             0.999999999999999             
0.377706495589415             1.0                           
0.3785084202085               1.0                           
0.379310344827586             1.0                           
0.380112269446672             1.0                           
0.380914194065758             1.0                           
0.381716118684844             1.0                           
0.382518043303929             1.0                           
0.383319967923015             1.0                           
0.384121892542101             1.0                           
0.384923817161187             1.0                           
0.385725741780273             1.0                           
0.386527666399358             0.999999999999998             
0.387329591018444             0.999999999999997             
0.38813151563753              0.999999999999997             
0.388933440256616             0.999999999999998             
0.389735364875702             0.999999999999999             
0.390537289494787             0.999999999999999             
0.391339214113873             1.0                           
0.392141138732959             0.999999999999999             
0.392943063352045             1.0                           
0.393744987971131             1.0                           
0.394546912590217             1.0                           
0.395348837209302             1.0                           
0.396150761828388             1.0                           
0.396952686447474             1.0                           
0.39775461106656              1.0                           
0.398556535685646             1.0                           
0.399358460304731             1.0                           
0.400160384923817             1.0                           
0.400962309542903             1.0                           
0.401764234161989             1.0                           
0.402566158781075             1.0                           
0.40336808340016              1.0                           
0.404170008019246             1.0                           
0.404971932638332             1.00000000000001              
0.405773857257418             1.0                           
0.406575781876504             1.0                           
0.407377706495589             1.0                           
0.408179631114675             1.0                           
0.408981555733761             1.0                           
0.409783480352847             1.0                           
0.410585404971933             1.0                           
0.411387329591018             1.0                           
0.412189254210104             1.0                           
0.41299117882919              1.0                           
0.413793103448276             1.0                           
0.414595028067362             1.0                           
0.415396952686447             1.0                           
0.416198877305533             1.0                           
0.417000801924619             1.0                           
0.417802726543705             1.0                           
0.418604651162791             1.0                           
0.419406575781877             1.0                           
0.420208500400962             1.0                           
0.421010425020048             1.0                           
0.421812349639134             1.0                           
0.42261427425822              1.0                           
0.423416198877306             1.0                           
0.424218123496391             1.0                           
0.425020048115477             1.0                           
0.425821972734563             1.0                           
0.426623897353649             0.999999999999999             
0.427425821972735             0.999999999999998             
0.42822774659182              0.999999999999997             
0.429029671210906             0.999999999999997             
0.429831595829992             0.999999999999997             
0.430633520449078             0.999999999999998             
0.431435445068164             0.999999999999998             
0.432237369687249             0.999999999999998             
0.433039294306335             0.999999999999999             
0.433841218925421             1.0                           
0.434643143544507             1.0                           
0.435445068163593             1.0                           
0.436246992782678             1.0                           
0.437048917401764             1.0                           
0.43785084202085              1.0                           
0.438652766639936             1.0                           
0.439454691259022             1.0                           
0.440256615878107             1.0                           
0.441058540497193             1.0                           
0.441860465116279             1.0                           
0.442662389735365             1.0                           
0.443464314354451             1.0                           
0.444266238973536             1.0                           
0.445068163592622             0.999999999999998             
0.445870088211708             0.999999999999998             
0.446672012830794             0.999999999999998             
0.44747393744988              0.999999999999998             
0.448275862068966             0.999999999999997             
0.449077786688051             0.999999999999998             
0.449879711307137             0.999999999999999             
0.450681635926223             0.999999999999999             
0.451483560545309             1.0                           
0.452285485164395             1.0                           
0.45308740978348              1.00000000000001              
0.453889334402566             1.0                           
0.454691259021652             1.0                           
0.455493183640738             1.0                           
0.456295108259824             1.0                           
0.457097032878909             1.0                           
0.457898957497995             1.0                           
0.458700882117081             1.0                           
0.459502806736167             1.0                           
0.460304731355253             1.0                           
0.461106655974338             1.0                           
0.461908580593424             1.0                           
0.46271050521251              0.999999999999999             
0.463512429831596             1.0                           
0.464314354450682             1.0                           
0.465116279069767             1.0                           
0.465918203688853             1.0                           
0.466720128307939             1.0                           
0.467522052927025             1.0                           
0.468323977546111             1.0                           
0.469125902165196             1.0                           
0.469927826784282             0.999999999999998             
0.470729751403368             0.999999999999996             
0.471531676022454             0.999999999999996             
0.47233360064154              0.999999999999997             
0.473135525260626             0.999999999999998             
0.473937449879711             1.0                           
0.474739374498797             1.0                           
0.475541299117883             1.0                           
0.476343223736969             0.999999999999998             
0.477145148356055             0.999999999999998             
0.47794707297514              1.0                           
0.478748997594226             0.999999999999999             
0.479550922213312             1.0                           
0.480352846832398             1.0                           
0.481154771451484             0.999999999999999             
0.481956696070569             1.0                           
0.482758620689655             0.999999999999999             
0.483560545308741             0.999999999999998             
0.484362469927827             0.999999999999999             
0.485164394546913             1.0                           
0.485966319165998             1.0                           
0.486768243785084             1.0                           
0.48757016840417              1.0                           
0.488372093023256             1.0                           
0.489174017642342             1.0                           
0.489975942261427             1.0                           
0.490777866880513             1.0                           
0.491579791499599             1.0                           
0.492381716118685             1.0                           
0.493183640737771             1.0                           
0.493985565356856             1.0                           
0.494787489975942             0.999999999999998             
0.495589414595028             1.0                           
0.496391339214114             1.0                           
0.4971932638332               1.0                           
0.497995188452285             1.0                           
0.498797113071371             1.0                           
0.499599037690457             1.0                           
0.500400962309543             1.0                           
0.501202886928629             1.0                           
0.502004811547714             1.0                           
0.5028067361668               1.0                           
0.503608660785886             1.0                           
0.504410585404972             0.999999999999999             
0.505212510024058             1.0                           
0.506014434643144             1.0                           
0.506816359262229             1.0                           
0.507618283881315             1.0                           
0.508420208500401             0.999999999999998             
0.509222133119487             1.0                           
0.510024057738573             1.0                           
0.510825982357658             1.0                           
0.511627906976744             1.0                           
0.51242983159583              1.0                           
0.513231756214916             1.0                           
0.514033680834002             1.0                           
0.514835605453087             1.0                           
0.515637530072173             1.0                           
0.516439454691259             1.0                           
0.517241379310345             1.0                           
0.518043303929431             1.0                           
0.518845228548516             1.0                           
0.519647153167602             1.0                           
0.520449077786688             0.999999999999999             
0.521251002405774             0.999999999999999             
0.52205292702486              0.999999999999999             
0.522854851643946             0.999999999999999             
0.523656776263031             1.0                           
0.524458700882117             1.0                           
0.525260625501203             1.0                           
0.526062550120289             1.0                           
0.526864474739374             1.0                           
0.52766639935846              0.999999999999999             
0.528468323977546             1.0                           
0.529270248596632             1.0                           
0.530072173215718             1.0                           
0.530874097834804             1.0                           
0.531676022453889             1.0                           
0.532477947072975             1.0                           
0.533279871692061             1.0                           
0.534081796311147             1.0                           
0.534883720930233             1.0                           
0.535685645549318             1.0                           
0.536487570168404             1.0                           
0.53728949478749              1.0                           
0.538091419406576             1.0                           
0.538893344025662             1.0                           
0.539695268644747             1.0                           
0.540497193263833             1.0                           
0.541299117882919             0.999999999999999             
0.542101042502005             1.0                           
0.542902967121091             1.0                           
0.543704891740176             1.0                           
0.544506816359262             1.0                           
0.545308740978348             1.0                           
0.546110665597434             1.0                           
0.54691259021652              0.999999999999999             
0.547714514835605             1.0                           
0.548516439454691             1.0                           
0.549318364073777             1.0                           
0.550120288692863             1.0                           
0.550922213311949             0.999999999999999             
0.551724137931034             0.999999999999999             
0.55252606255012              0.999999999999998             
0.553327987169206             0.999999999999999             
0.554129911788292             0.999999999999999             
0.554931836407378             0.999999999999998             
0.555733761026464             0.999999999999998             
0.556535685645549             0.999999999999997             
0.557337610264635             0.999999999999997             
0.558139534883721             0.999999999999998             
0.558941459502807             0.999999999999999             
0.559743384121893             0.999999999999999             
0.560545308740978             1.0                           
0.561347233360064             0.999999999999999             
0.56214915797915              1.0                           
0.562951082598236             1.0                           
0.563753007217322             1.0                           
0.564554931836407             0.999999999999999             
0.565356856455493             1.0                           
0.566158781074579             1.0                           
0.566960705693665             1.0                           
0.567762630312751             1.0                           
0.568564554931836             1.0                           
0.569366479550922             1.0                           
0.570168404170008             1.0                           
0.570970328789094             1.0                           
0.57177225340818              1.0                           
0.572574178027265             1.0                           
0.573376102646351             1.0                           
0.574178027265437             1.0                           
0.574979951884523             1.0                           
0.575781876503609             1.0                           
0.576583801122694             1.0                           
0.57738572574178              1.0                           
0.578187650360866             1.0                           
0.578989574979952             1.0                           
0.579791499599038             1.0                           
0.580593424218123             1.0                           
0.581395348837209             0.999999999999999             
0.582197273456295             0.999999999999998             
0.582999198075381             0.999999999999998             
0.583801122694467             0.999999999999998             
0.584603047313553             0.999999999999999             
0.585404971932638             0.999999999999998             
0.586206896551724             0.999999999999997             
0.58700882117081              0.999999999999999             
0.587810745789896             0.999999999999998             
0.588612670408982             0.999999999999997             
0.589414595028067             0.999999999999997             
0.590216519647153             0.999999999999998             
0.591018444266239             0.999999999999997             
0.591820368885325             0.999999999999999             
0.592622293504411             0.999999999999999             
0.593424218123496             1.0                           
0.594226142742582             1.0                           
0.595028067361668             1.0                           
0.595829991980754             1.0                           
0.59663191659984              1.0                           
0.597433841218925             1.0                           
0.598235765838011             1.0                           
0.599037690457097             1.0                           
0.599839615076183             1.0                           
0.600641539695269             1.0                           
0.601443464314354             1.0                           
0.60224538893344              1.0                           
0.603047313552526             1.0                           
0.603849238171612             0.999999999999999             
0.604651162790698             0.999999999999999             
0.605453087409783             0.999999999999999             
0.606255012028869             1.0                           
0.607056936647955             1.0                           
0.607858861267041             1.0                           
0.608660785886127             1.0                           
0.609462710505213             1.0                           
0.610264635124298             1.0                           
0.611066559743384             1.0                           
0.61186848436247              1.0                           
0.612670408981556             1.0                           
0.613472333600642             1.0                           
0.614274258219727             0.999999999999999             
0.615076182838813             1.0                           
0.615878107457899             1.0                           
0.616680032076985             1.0                           
0.617481956696071             1.0                           
0.618283881315156             1.0                           
0.619085805934242             1.0                           
0.619887730553328             1.0                           
0.620689655172414             1.0                           
0.6214915797915               0.999999999999999             
0.622293504410585             0.999999999999998             
0.623095429029671             0.999999999999998             
0.623897353648757             0.999999999999998             
0.624699278267843             0.999999999999998             
0.625501202886929             0.999999999999999             
0.626303127506014             0.999999999999999             
0.6271050521251               0.999999999999999             
0.627906976744186             1.0                           
0.628708901363272             1.0                           
0.629510825982358             0.999999999999999             
0.630312750601443             0.999999999999999             
0.631114675220529             0.999999999999998             
0.631916599839615             0.999999999999999             
0.632718524458701             0.999999999999999             
0.633520449077787             0.999999999999999             
0.634322373696872             1.0                           
0.635124298315958             1.0                           
0.635926222935044             0.999999999999999             
0.63672814755413              0.999999999999999             
0.637530072173216             1.0                           
0.638331996792302             1.0                           
0.639133921411387             1.0                           
0.639935846030473             0.999999999999999             
0.640737770649559             1.0                           
0.641539695268645             0.999999999999999             
0.642341619887731             1.0                           
0.643143544506816             1.0                           
0.643945469125902             1.0                           
0.644747393744988             1.0                           
0.645549318364074             0.999999999999999             
0.64635124298316              1.0                           
0.647153167602245             1.0                           
0.647955092221331             1.0                           
0.648757016840417             0.999999999999999             
0.649558941459503             0.999999999999999             
0.650360866078589             1.0                           
0.651162790697674             1.0                           
0.65196471531676              1.0                           
0.652766639935846             1.0                           
0.653568564554932             1.0                           
0.654370489174018             1.0                           
0.655172413793103             1.0                           
0.655974338412189             1.0                           
0.656776263031275             1.0                           
0.657578187650361             1.0                           
0.658380112269447             0.999999999999999             
0.659182036888532             1.0                           
0.659983961507618             1.0                           
0.660785886126704             0.999999999999999             
0.66158781074579              0.999999999999999             
0.662389735364876             0.999999999999999             
0.663191659983961             0.999999999999998             
0.663993584603047             0.999999999999997             
0.664795509222133             0.999999999999998             
0.665597433841219             0.999999999999999             
0.666399358460305             0.999999999999998             
0.667201283079391             0.999999999999997             
0.668003207698476             0.999999999999996             
0.668805132317562             0.999999999999998             
0.669607056936648             1.0                           
0.670408981555734             1.0                           
0.67121090617482              0.999999999999998             
0.672012830793905             0.999999999999999             
0.672814755412991             0.999999999999998             
0.673616680032077             0.999999999999998             
0.674418604651163             0.999999999999999             
0.675220529270249             0.999999999999999             
0.676022453889334             1.0                           
0.67682437850842              0.999999999999999             
0.677626303127506             0.999999999999999             
0.678428227746592             1.0                           
0.679230152365678             1.0                           
0.680032076984763             1.0                           
0.680834001603849             1.0                           
0.681635926222935             1.0                           
0.682437850842021             1.0                           
0.683239775461107             1.0                           
0.684041700080192             1.0                           
0.684843624699278             1.0                           
0.685645549318364             1.0                           
0.68644747393745              1.0                           
0.687249398556536             1.0                           
0.688051323175621             1.0                           
0.688853247794707             1.0                           
0.689655172413793             1.0                           
0.690457097032879             1.0                           
0.691259021651965             1.0                           
0.692060946271051             1.0                           
0.692862870890136             0.999999999999999             
0.693664795509222             0.999999999999999             
0.694466720128308             0.999999999999999             
0.695268644747394             0.999999999999999             
0.696070569366479             0.999999999999998             
0.696872493985565             0.999999999999998             
0.697674418604651             0.999999999999997             
0.698476343223737             0.999999999999997             
0.699278267842823             0.999999999999998             
0.700080192461909             0.999999999999998             
0.700882117080994             0.999999999999998             
0.70168404170008              0.999999999999997             
0.702485966319166             0.999999999999997             
0.703287890938252             0.999999999999996             
0.704089815557338             0.999999999999996             
0.704891740176423             0.999999999999995             
0.705693664795509             0.999999999999994             
0.706495589414595             0.999999999999993             
0.707297514033681             0.999999999999991             
0.708099438652767             0.999999999999993             
0.708901363271852             0.999999999999995             
0.709703287890938             0.999999999999998             
0.710505212510024             0.999999999999999             
0.71130713712911              1.0                           
0.712109061748196             1.0                           
0.712910986367281             1.0                           
0.713712910986367             1.0                           
0.714514835605453             1.0                           
0.715316760224539             1.0                           
0.716118684843625             1.0                           
0.716920609462711             1.0                           
0.717722534081796             1.0                           
0.718524458700882             1.0                           
0.719326383319968             1.0                           
0.720128307939054             1.0                           
0.720930232558139             1.0                           
0.721732157177225             1.0                           
0.722534081796311             0.999999999999996             
0.723336006415397             0.999999999999987             
0.724137931034483             0.999999999999962             
0.724939855653569             0.999999999999899             
0.725741780272654             0.999999999999742             
0.72654370489174              0.999999999999353             
0.727345629510826             0.999999999998409             
0.728147554129912             0.999999999996146             
0.728949478748998             0.999999999990811             
0.729751403368083             0.999999999978427             
0.730553327987169             0.999999999950122             
0.731355252606255             0.999999999886435             
0.732157177225341             0.99999999974532              
0.732959101844427             0.999999999437426             
0.733761026463512             0.999999998776181             
0.734562951082598             0.99999999737827              
0.735364875701684             0.999999994470086             
0.73616680032077              0.999999988516069             
0.736968724939856             0.99999997651966              
0.737770649558941             0.999999952734112             
0.738572574178027             0.99999990632515              
0.739374498797113             0.99999981721643              
0.740176423416199             0.999999648866069             
0.740978348035285             0.999999335901202             
0.741780272654371             0.999998763389335             
0.742582197273456             0.999997732751615             
0.743384121892542             0.999995906925138             
0.744186046511628             0.999992723764987             
0.744987971130714             0.99998726228223              
0.745789895749799             0.999978040721535             
0.746591820368885             0.999962717989698             
0.747393744987971             0.999937660198038             
0.748195669607057             0.999897325513316             
0.748997594226143             0.999833420300517             
0.749799518845229             0.999733773864174             
0.750601443464314             0.999580848157727             
0.7514033680834               0.999349882357419             
0.752205292702486             0.999006582804511             
0.753007217321572             0.998504364043069             
0.753809141940658             0.997781224356546             
0.754611066559743             0.996756314279272             
0.755412991178829             0.995326386796368             
0.756214915797915             0.993362926069371             
0.757016840417001             0.990709482436229             
0.757818765036087             0.987179588463161             
0.758620689655172             0.982553599120377             
0.759422614274258             0.976581799375284             
0.760224538893344             0.968988119114421             
0.76102646351243              0.959477198317109             
0.761828388131516             0.947745437524844             
0.762630312750601             0.933473680627534             
0.763432237369687             0.916356200852923             
0.764234161988773             0.896118898475439             
0.765036086607859             0.87254292036776              
0.765838011226945             0.845480342341817             
0.766639935846031             0.814874275598639             
0.767441860465116             0.780786160170999             
0.768243785084202             0.743390713494865             
0.769045709703288             0.702978517525096             
0.769847634322374             0.65995217805845              
0.770649558941459             0.614815734463368             
0.771451483560545             0.568157743747056             
0.772253408179631             0.520626083752249             
0.773055332798717             0.472900523362743             
0.773857257417803             0.425664534112502             
0.774659182036889             0.379576122121381             
0.775461106655974             0.335240766937827             
0.77626303127506              0.293188244799788             
0.777064955894146             0.253855098343542             
0.777866880513232             0.217573450461491             
0.778668805132318             0.184564518395656             
0.779470729751403             0.154939019805192             
0.780272654370489             0.128706524702812             
0.781074578989575             0.105787325267424             
0.781876503608661             0.0860269230534604            
0.782678428227747             0.0692131009784707            
0.783480352846832             0.0550924921331774            
0.784282277465918             0.0433860282415066            
0.785084202085004             0.0338043147485602            
0.78588612670409              0.0260599981153322            
0.786688051323176             0.0198778400422109            
0.787489975942261             0.0150028354350054            
0.788291900561347             0.0112049422167209            
0.789093825180433             0.00828147441627042           
0.789895749799519             0.00605762404196269           
0.790697674418605             0.00438536378645502           
0.79149959903769              0.00314205244358089           
0.792301523656776             0.00222822096222084           
0.793103448275862             0.00156415953473109           
0.793905372894948             0.00108705263011723           
0.794707297514034             0.000748103817086718          
0.795509222133119             0.000509907763360284          
0.796311146752205             0.00034427603836901           
0.797113071371291             0.000230282347312423          
0.797914995990377             0.000152621298900714          
0.798716920609463             0.000100236224032776          
0.799518845228549             6.52441657433104e-05          
0.800320769847634             4.20940495691869e-05          
0.80112269446672              2.69155566558169e-05          
0.801924619085806             1.70467044475809e-05          
0.802726543704892             1.06862720938522e-05          
0.803528468323978             6.6183664754779e-06           
0.804330392943063             4.03357629587889e-06          
0.805132317562149             2.41058407322479e-06          
0.805934242181235             1.41739480334587e-06          
0.806736166800321             8.20525560118185e-07          
0.807538091419407             4.68918315507527e-07          
0.808340016038492             2.65451325837145e-07          
0.809141940657578             1.48898688033764e-07          
0.809943865276664             8.27965766059729e-08          
0.81074578989575              4.5652057924788e-08           
0.811547714514836             2.49664959926804e-08          
0.812349639133921             1.35458110087606e-08          
0.813151563753007             7.29076142159874e-09          
0.813953488372093             3.891148349724e-09            
0.814755412991179             2.05949475415394e-09          
0.815557337610265             1.08103121333978e-09          
0.81635926222935              5.62864213186255e-10          
0.817161186848436             2.90809698422546e-10          
0.817963111467522             1.49116942816872e-10          
0.818765036086608             7.59047921528302e-11          
0.819566960705694             3.83628586998851e-11          
0.820368885324779             1.92576586016435e-11          
0.821170809943865             9.60557081808614e-12          
0.821972734562951             4.76124690547497e-12          
0.822774659182037             2.34555301388601e-12          
0.823576583801123             1.14853407414806e-12          
0.824378508420208             5.59066367556744e-13          
0.825180433039294             2.70550320730298e-13          
0.82598235765838              1.30177372784107e-13          
0.826784282277466             6.2280999600424e-14           
0.827586206896552             2.9627989431864e-14           
0.828388131515638             1.4015341001456e-14           
0.829190056134723             6.59392263986581e-15          
0.829991980753809             3.08585809301845e-15          
0.830793905372895             1.43658331967223e-15          
0.831595829991981             6.65304278610097e-16          
0.832397754611067             3.06523701532331e-16          
0.833199679230152             1.40532926816298e-16          
0.834001603849238             6.41389089723039e-17          
0.834803528468324             2.91503145587649e-17          
0.83560545308741              1.31998959217448e-17          
0.836407377706496             5.95559528602875e-18          
0.837209302325581             2.67720927526827e-18          
0.838011226944667             1.19899526826825e-18          
0.838813151563753             5.35004277176649e-19          
0.839615076182839             2.37853781850145e-19          
0.840417000801925             1.05364360771364e-19          
0.84121892542101              4.65107104326999e-20          
0.842020850040096             2.04588320448146e-20          
0.842822774659182             8.9656817727263e-21           
0.843624699278268             3.91377293466218e-21          
0.844426623897354             1.70214866277355e-21          
0.845228548516439             7.37821122332519e-22          
0.846030473135525             3.18927143619796e-22          
0.846832397754611             1.37557462840875e-22          
0.847634322373697             5.92240544745953e-23          
0.848436246992783             2.54510244225829e-23          
0.849238171611868             1.09111105948964e-23          
0.850040096230954             4.66600504712974e-24          
0.85084202085004              1.99054057558106e-24          
0.851643945469126             8.47342922573689e-25          
0.852445870088212             3.59994756996867e-25          
0.853247794707298             1.52669557151126e-25          
0.854049719326383             6.46277627266376e-26          
0.854851643945469             2.73148930494557e-26          
0.855653568564555             1.15300234330715e-26          
0.856455493183641             4.85798320784095e-27          
0.857257417802727             2.04208790114414e-27          
0.858059342421812             8.56306591708308e-28          
0.858861267040898             3.58367650072291e-28          
0.859663191659984             1.49792102656984e-28          
0.86046511627907              6.25470822726797e-29          
0.861267040898156             2.61090747402951e-29          
0.862068965517241             1.0895320000252e-29           
0.862870890136327             4.54478315038102e-30          
0.863672814755413             1.89480705397607e-30          
0.864474739374499             7.89563281939685e-31          
0.865276663993585             3.28774359338297e-31          
0.86607858861267              1.36783828057739e-31          
0.866880513231756             5.68344400265908e-32          
0.867682437850842             2.35878772258153e-32          
0.868484362469928             9.78454246300878e-33          
0.869286287089014             4.05764343578999e-33          
0.870088211708099             1.68317283340018e-33          
0.870890136327185             6.9897669533029e-34           
0.871692060946271             2.90545891632707e-34          
0.872493985565357             1.20800533981765e-34          
0.873295910184443             5.02305605925462e-35          
0.874097834803528             2.08948432565943e-35          
0.874899759422614             8.69959289249795e-36          
0.8757016840417               3.6224754115798e-36           
0.876503608660786             1.50845872193814e-36          
0.877305533279872             6.28246800098093e-37          
0.878107457898957             2.61701333056239e-37          
0.878909382518043             1.09007391437303e-37          
0.879711307137129             4.54202631427742e-38          
0.880513231756215             1.89431064822273e-38          
0.881315156375301             7.91487709876869e-39          
0.882117080994387             3.31171398515372e-39          
0.882919005613472             1.38715412178798e-39          
0.883720930232558             5.81549165500743e-40          
0.884522854851644             2.43986695956072e-40          
0.88532477947073              1.02448621885298e-40          
0.886126704089816             4.30623758928889e-41          
0.886928628708901             1.81202666265841e-41          
0.887730553327987             7.63647005697541e-42          
0.888532477947073             3.22526183833825e-42          
0.889334402566159             1.36603320352374e-42          
0.890136327185245             5.79671255809686e-43          
0.89093825180433              2.46357308062657e-43          
0.891740176423416             1.04860819441132e-43          
0.892542101042502             4.46998968850382e-44          
0.893344025661588             1.90795815669595e-44          
0.894145950280674             8.15914738070618e-45          
0.894947874899759             3.49719392943136e-45          
0.895749799518845             1.50297280843952e-45          
0.896551724137931             6.47614640870757e-46          
0.897353648757017             2.79711664776842e-46          
0.898155573376103             1.21105911947722e-46          
0.898957497995188             5.25623999121208e-47          
0.899759422614274             2.28653236122961e-47          
0.90056134723336              9.97148925865026e-48          
0.901363271852446             4.36158450357483e-48          
0.902165196471532             1.91510707672665e-48          
0.902967121090617             8.42718582366219e-49          
0.903769045709703             3.71677120607109e-49          
0.904570970328789             1.64345069984317e-49          
0.905372894947875             7.28827849587748e-50          
0.906174819566961             3.24340017656112e-50          
0.906976744186046             1.44859224936991e-50          
0.907778668805132             6.49124256143505e-51          
0.908580593424218             2.91872740163079e-51          
0.909382518043304             1.31651042022931e-51          
0.91018444266239              5.95722355473191e-52          
0.910986367281476             2.70475570287147e-52          
0.911788291900561             1.23210474045827e-52          
0.912590216519647             5.63058333007165e-53          
0.913392141138733             2.58243532571866e-53          
0.914194065757819             1.18978174812799e-53          
0.914995990376905             5.49881062264508e-54          
0.91579791499599              2.54918640175186e-54          
0.916599839615076             1.1868261081587e-54           
0.917401764234162             5.54554872352952e-55          
0.918203688853248             2.60046130781102e-55          
0.919005613472334             1.22460185137727e-55          
0.919807538091419             5.79797262978894e-56          
0.920609462710505             2.75754590420102e-56          
0.921411387329591             1.31673677313852e-56          
0.922213311948677             6.31289501927048e-57          
0.923015236567763             3.03953116142259e-57          
0.923817161186848             1.46982904875961e-57          
0.924619085805934             7.14097868154794e-58          
0.92542101042502              3.48611335459004e-58          
0.926222935044106             1.71044805075111e-58          
0.927024859663192             8.42846558882877e-59          
0.927826784282277             4.17062714585314e-59          
0.928628708901363             2.07303274621542e-59          
0.929430633520449             1.03520596153451e-59          
0.930232558139535             5.19772126713562e-60          
0.931034482758621             2.62413024980212e-60          
0.931836407377706             1.3313665664495e-60           
0.932638331996792             6.7868216504829e-61           
0.933440256615878             3.47653995692365e-61          
0.934242181234964             1.78954359301183e-61          
0.93504410585405              9.25420374007826e-62          
0.935846030473136             4.81082471419774e-62          
0.936647955092221             2.51496126741056e-62          
0.937449879711307             1.32201173813524e-62          
0.938251804330393             6.9885094455119e-63           
0.939053728949479             3.71446115300445e-63          
0.939855653568564             1.98451807594892e-63          
0.94065757818765              1.06576261052537e-63          
0.941459502806736             5.75809563969895e-64          
0.942261427425822             3.12839443073971e-64          
0.943063352044908             1.70880460957766e-64          
0.943865276663994             9.38588005051841e-65          
0.944667201283079             5.18753991433798e-65          
0.945469125902165             2.88279149667853e-65          
0.946271050521251             1.61133044857711e-65          
0.947072975140337             9.06691368856456e-66          
0.947874899759423             5.13325645333339e-66          
0.948676824378508             2.9251199669036e-66           
0.949478748997594             1.67606025945775e-66          
0.95028067361668              9.66321234624143e-67          
0.951082598235766             5.60702000736282e-67          
0.951884522854852             3.27442290495605e-67          
0.952686447473937             1.92458741295651e-67          
0.953488372093023             1.1375906387759e-67           
0.954290296712109             6.7626823837697e-68           
0.955092221331195             4.04555715786074e-68          
0.955894145950281             2.43393948525639e-68          
0.956696070569366             1.47180392649588e-68          
0.957497995188452             8.94036101153575e-69          
0.958299919807538             5.45204975814873e-69          
0.959101844426624             3.33545375618636e-69          
0.95990376904571              2.04615877125543e-69          
0.960705693664796             1.25801146040517e-69          
0.961507618283881             7.74719782102114e-70          
0.962309542902967             4.77637221754661e-70          
0.963111467522053             2.94690322281535e-70          
0.963913392141139             1.81901544316029e-70          
0.964715316760224             1.12322331210984e-70          
0.96551724137931              6.93900708317408e-71          
0.966319165998396             4.29035078546872e-71          
0.967121090617482             2.65664642637001e-71          
0.967923015236568             1.64902814093074e-71          
0.968724939855654             1.02711470225477e-71          
0.969526864474739             6.42756776740386e-72          
0.970328789093825             4.04735583175281e-72          
0.971130713712911             2.56882245047549e-72          
0.971932638331997             1.64493552803235e-72          
0.972734562951083             1.06407445319936e-72          
0.973536487570168             6.96040315933001e-73          
0.974338412189254             4.60674938828323e-73          
0.97514033680834              3.0865634753415e-73           
0.975942261427426             2.0944178696277e-73           
0.976744186046512             1.44065893303647e-73          
0.977546110665597             1.00409894170606e-73          
0.978348035284683             7.09589153217986e-74          
0.979149959903769             5.0861225197037e-74           
0.979951884522855             3.6991434540353e-74           
0.980753809141941             2.73028295467023e-74          
0.981555733761026             2.04580731079939e-74          
0.982357658380112             1.55666682534049e-74          
0.983159582999198             1.20339412137832e-74          
0.983961507618284             9.45556373827908e-75          
0.98476343223737              7.55486558106689e-75          
0.985565356856456             6.14047851971994e-75          
0.986367281475541             5.08004978258727e-75          
0.987169206094627             4.27892580518568e-75          
0.987971130713713             3.66946703639173e-75          
0.988773055332799             3.20366988142526e-75          
0.989574979951884             2.84675650275744e-75          
0.99037690457097              2.57277537717762e-75          
0.991178829190056             2.36223370437198e-75          
0.991980753809142             2.20064438599249e-75          
0.992782678428228             2.07681798889478e-75          
0.993584603047314             1.98210877116898e-75          
0.994386527666399             1.90984579289642e-75          
0.995188452285485             1.85739738244593e-75          
0.995990376904571             1.82345189737913e-75          
0.996792301523657             1.80354291507115e-75          
0.997594226142743             1.79227023031198e-75          
0.998396150761828             1.78549766067663e-75          
0.999198075380914             1.78060094423702e-75          
1.0                           1.77631878817266e-75          
