time relative to tcryst: 1395489580.590425 years
r/r_wd                        B/B0
0.000801924619085806          0.999999999964462             
0.00160384923817161           0.999999999964435             
0.00240577385725742           0.999999999964334             
0.00320769847634322           0.999999999964183             
0.00400962309542903           0.999999999963987             
0.00481154771451484           0.999999999963744             
0.00561347233360064           0.999999999963456             
0.00641539695268645           0.99999999996312              
0.00721732157177225           0.999999999962737             
0.00801924619085806           0.999999999962304             
0.00882117080994387           0.999999999961824             
0.00962309542902967           0.999999999961292             
0.0104250200481155            0.999999999960709             
0.0112269446672013            0.999999999960069             
0.0120288692862871            0.999999999959376             
0.0128307939053729            0.999999999958626             
0.0136327185244587            0.999999999957815             
0.0144346431435445            0.999999999956945             
0.0152365677626303            0.999999999956013             
0.0160384923817161            0.999999999955014             
0.0168404170008019            0.999999999953948             
0.0176423416198877            0.99999999995281              
0.0184442662389735            0.999999999951599             
0.0192461908580593            0.999999999950309             
0.0200481154771451            0.999999999948946             
0.020850040096231             0.999999999947497             
0.0216519647153168            0.999999999945961             
0.0224538893344026            0.99999999994434              
0.0232558139534884            0.999999999942617             
0.0240577385725742            0.999999999940789             
0.02485966319166              0.99999999993886              
0.0256615878107458            0.999999999936823             
0.0264635124298316            0.999999999934672             
0.0272654370489174            0.999999999932401             
0.0280673616680032            0.999999999930003             
0.028869286287089             0.999999999927474             
0.0296712109061748            0.999999999924805             
0.0304731355252606            0.999999999921992             
0.0312750601443464            0.999999999919023             
0.0320769847634322            0.999999999915894             
0.032878909382518             0.999999999912596             
0.0336808340016038            0.999999999909118             
0.0344827586206897            0.999999999905451             
0.0352846832397755            0.999999999901586             
0.0360866078588613            0.999999999897512             
0.0368885324779471            0.999999999893216             
0.0376904570970329            0.999999999888691             
0.0384923817161187            0.999999999883922             
0.0392943063352045            0.999999999878897             
0.0400962309542903            0.999999999873601             
0.0408981555733761            0.99999999986802              
0.0417000801924619            0.999999999862135             
0.0425020048115477            0.999999999855936             
0.0433039294306335            0.999999999849403             
0.0441058540497193            0.999999999842517             
0.0449077786688051            0.999999999835258             
0.0457097032878909            0.999999999827605             
0.0465116279069767            0.999999999819538             
0.0473135525260625            0.999999999811031             
0.0481154771451484            0.999999999802062             
0.0489174017642342            0.999999999792609             
0.04971932638332              0.999999999782636             
0.0505212510024058            0.99999999977212              
0.0513231756214916            0.99999999976103              
0.0521251002405774            0.99999999974933              
0.0529270248596632            0.999999999736988             
0.053728949478749             0.999999999723968             
0.0545308740978348            0.999999999710234             
0.0553327987169206            0.999999999695741             
0.0561347233360064            0.999999999680452             
0.0569366479550922            0.999999999664324             
0.057738572574178             0.999999999647307             
0.0585404971932638            0.999999999629357             
0.0593424218123496            0.999999999610422             
0.0601443464314354            0.99999999959045              
0.0609462710505213            0.999999999569374             
0.0617481956696071            0.999999999547143             
0.0625501202886929            0.999999999523694             
0.0633520449077787            0.999999999498953             
0.0641539695268645            0.999999999472854             
0.0649558941459503            0.999999999445318             
0.0657578187650361            0.999999999416268             
0.0665597433841219            0.999999999385627             
0.0673616680032077            0.999999999353291             
0.0681635926222935            0.999999999319182             
0.0689655172413793            0.999999999283194             
0.0697674418604651            0.999999999245225             
0.0705693664795509            0.99999999920517              
0.0713712910986367            0.999999999162912             
0.0721732157177225            0.999999999118331             
0.0729751403368083            0.999999999071298             
0.0737770649558941            0.999999999021679             
0.07457898957498              0.999999998969333             
0.0753809141940658            0.999999998914111             
0.0761828388131516            0.999999998855852             
0.0769847634322374            0.999999998794393             
0.0777866880513232            0.999999998729554             
0.078588612670409             0.999999998661156             
0.0793905372894948            0.999999998589001             
0.0801924619085806            0.999999998512883             
0.0809943865276664            0.999999998432592             
0.0817963111467522            0.999999998347893             
0.082598235765838             0.999999998258544             
0.0834001603849238            0.999999998164295             
0.0842020850040096            0.999999998064882             
0.0850040096230954            0.999999997960017             
0.0858059342421812            0.999999997849409             
0.086607858861267             0.999999997732745             
0.0874097834803528            0.999999997609699             
0.0882117080994387            0.999999997479928             
0.0890136327185245            0.999999997343067             
0.0898155573376103            0.999999997198735             
0.0906174819566961            0.999999997046533             
0.0914194065757819            0.999999996886035             
0.0922213311948677            0.999999996716793             
0.0930232558139535            0.999999996538341             
0.0938251804330393            0.999999996350186             
0.0946271050521251            0.999999996151804             
0.0954290296712109            0.999999995942653             
0.0962309542902967            0.999999995722156             
0.0970328789093825            0.999999995489704             
0.0978348035284683            0.99999999524466              
0.0986367281475541            0.999999994986346             
0.0994386527666399            0.999999994714055             
0.100240577385726             0.999999994427048             
0.101042502004812             0.999999994124535             
0.101844426623897             0.999999993805696             
0.102646351242983             0.999999993469657             
0.103448275862069             0.999999993115511             
0.104250200481155             0.999999992742297             
0.105052125100241             0.999999992349005             
0.105854049719326             0.999999991934575             
0.106655974338412             0.999999991497894             
0.107457898957498             0.999999991037785             
0.108259823576584             0.999999990553017             
0.10906174819567              0.999999990042295             
0.109863672814755             0.999999989504254             
0.110665597433841             0.999999988937461             
0.111467522052927             0.999999988340415             
0.112269446672013             0.999999987711532             
0.113071371291099             0.999999987049155             
0.113873295910184             0.999999986351558             
0.11467522052927              0.999999985616928             
0.115477145148356             0.999999984843359             
0.116279069767442             0.999999984028852             
0.117080994386528             0.999999983171304             
0.117882919005613             0.999999982268513             
0.118684843624699             0.99999998131816              
0.119486768243785             0.999999980317818             
0.120288692862871             0.999999979264938             
0.121090617481957             0.99999997815684              
0.121892542101043             0.999999976990719             
0.122694466720128             0.999999975763629             
0.123496391339214             0.999999974472469             
0.1242983159583               0.999999973113989             
0.125100240577386             0.999999971684777             
0.125902165196472             0.999999970181256             
0.126704089815557             0.999999968599668             
0.127506014434643             0.999999966936082             
0.128307939053729             0.999999965186371             
0.129109863672815             0.999999963346206             
0.129911788291901             0.999999961411056             
0.130713712910986             0.999999959376159             
0.131515637530072             0.999999957236539             
0.132317562149158             0.99999995498697              
0.133119486768244             0.999999952621999             
0.13392141138733              0.999999950135904             
0.134723336006415             0.999999947522691             
0.135525260625501             0.999999944776085             
0.136327185244587             0.999999941889507             
0.137129109863673             0.999999938856072             
0.137931034482759             0.999999935668566             
0.138732959101844             0.999999932319433             
0.13953488372093              0.999999928800773             
0.140336808340016             0.999999925104307             
0.141138732959102             0.999999921221392             
0.141940657578188             0.999999917142968             
0.142742582197273             0.999999912859568             
0.143544506816359             0.999999908361281             
0.144346431435445             0.999999903637732             
0.145148356054531             0.99999989867807              
0.145950280673617             0.999999893470946             
0.146752205292702             0.999999888004471             
0.147554129911788             0.999999882266213             
0.148356054530874             0.999999876243161             
0.14915797914996              0.999999869921722             
0.149959903769046             0.999999863287671             
0.150761828388132             0.999999856326141             
0.151563753007217             0.999999849021588             
0.152365677626303             0.999999841357806             
0.153167602245389             0.999999833317959             
0.153969526864475             0.999999824884455             
0.154771451483561             0.999999816038918             
0.155573376102646             0.999999806762145             
0.156375300721732             0.999999797034088             
0.157177225340818             0.999999786833811             
0.157979149959904             0.999999776139365             
0.15878107457899              0.999999764927767             
0.159582999198075             0.999999753175027             
0.160384923817161             0.999999740856094             
0.161186848436247             0.999999727944817             
0.161988773055333             0.999999714413897             
0.162790697674419             0.999999700234873             
0.163592622293504             0.999999685378104             
0.16439454691259              0.999999669812666             
0.165196471531676             0.999999653506298             
0.165998396150762             0.999999636425353             
0.166800320769848             0.999999618534727             
0.167602245388933             0.999999599797795             
0.168404170008019             0.999999580176274             
0.169206094627105             0.999999559630246             
0.170008019246191             0.999999538118087             
0.170809943865277             0.999999515596402             
0.171611868484362             0.999999492019949             
0.172413793103448             0.999999467341573             
0.173215717722534             0.999999441512368             
0.17401764234162              0.999999414481415             
0.174819566960706             0.999999386195683             
0.175621491579792             0.999999356599918             
0.176423416198877             0.999999325636566             
0.177225340817963             0.999999293245695             
0.178027265437049             0.999999259364726             
0.178829190056135             0.999999223928439             
0.179631114675221             0.999999186868914             
0.180433039294306             0.999999148115442             
0.181234963913392             0.999999107594409             
0.182036888532478             0.999999065229199             
0.182838813151564             0.999999020940131             
0.18364073777065              0.999998974644423             
0.184442662389735             0.999998926255945             
0.185244587008821             0.999998875685099             
0.186046511627907             0.999998822838671             
0.186848436246993             0.999998767619706             
0.187650360866079             0.999998709927373             
0.188452285485164             0.999998649656885             
0.18925421010425              0.999998586699357             
0.190056134723336             0.99999852094159              
0.190858059342422             0.999998452265911             
0.191659983961508             0.999998380550011             
0.192461908580593             0.999998305666777             
0.193263833199679             0.99999822748412              
0.194065757818765             0.999998145866868             
0.194867682437851             0.999998060674703             
0.195669607056937             0.999997971761925             
0.196471531676022             0.999997878977258             
0.197273456295108             0.99999778216367              
0.198075380914194             0.999997681156303             
0.19887730553328              0.999997575783515             
0.199679230152366             0.99999746586714              
0.200481154771451             0.999997351222244             
0.201283079390537             0.999997231656917             
0.202085004009623             0.999997106973312             
0.202886928628709             0.99999697696661              
0.203688853247795             0.999996841424366             
0.204490777866881             0.999996700126254             
0.205292702485966             0.99999655284232              
0.206094627105052             0.999996399333867             
0.206896551724138             0.999996239353393             
0.207698476343224             0.999996072644306             
0.20850040096231              0.999995898941013             
0.209302325581395             0.999995717968214             
0.210104250200481             0.999995529440576             
0.210906174819567             0.999995333062394             
0.211708099438653             0.999995128527149             
0.212510024057739             0.999994915517252             
0.213311948676824             0.999994693703686             
0.21411387329591              0.999994462746163             
0.214915797914996             0.999994222296112             
0.215717722534082             0.999993971992646             
0.216519647153168             0.999993711462185             
0.217321571772253             0.999993440315716             
0.218123496391339             0.999993158148406             
0.218925421010425             0.999992864541233             
0.219727345629511             0.99999255906052              
0.220529270248597             0.999992241255435             
0.221331194867682             0.999991910659404             
0.222133119486768             0.999991566789639             
0.222935044105854             0.999991209146632             
0.22373696872494              0.999990837213625             
0.224538893344026             0.999990450457663             
0.225340817963111             0.999990048330325             
0.226142742582197             0.999989630264536             
0.226944667201283             0.999989195674008             
0.227746591820369             0.999988743952661             
0.228548516439455             0.999988274474015             
0.22935044105854              0.999987786602445             
0.230152365677626             0.999987279682889             
0.230954290296712             0.999986753038817             
0.231756214915798             0.999986205965599             
0.232558139534884             0.999985637726381             
0.23336006415397              0.999985047560137             
0.234161988773055             0.999984434680953             
0.234963913392141             0.999983798279565             
0.235765838011227             0.999983137520572             
0.236567762630313             0.999982451541599             
0.237369687249399             0.999981739452434             
0.238171611868484             0.999981000333916             
0.23897353648757              0.999980233237521             
0.239775461106656             0.999979437184517             
0.240577385725742             0.999978611168546             
0.241379310344828             0.999977754156981             
0.242181234963913             0.999976865084902             
0.242983159582999             0.999975942854204             
0.243785084202085             0.999974986328158             
0.244587008821171             0.999973994332403             
0.245388933440257             0.999972965656258             
0.246190858059342             0.999971899052293             
0.246992782678428             0.999970793238668             
0.247794707297514             0.999969646894473             
0.2485966319166               0.999968458658679             
0.249398556535686             0.999967227127144             
0.250200481154771             0.999965950852194             
0.251002405773857             0.999964628342637             
0.251804330392943             0.999963258075727             
0.252606255012029             0.999961838516847             
0.253408179631115             0.999960368086794             
0.2542101042502               0.999958845153513             
0.255012028869286             0.999957267994947             
0.255813953488372             0.999955634838738             
0.256615878107458             0.99995394386148              
0.257417802726544             0.999952193201623             
0.258219727345629             0.999950380944176             
0.259021651964715             0.999948505116132             
0.259823576583801             0.999946563677257             
0.260625501202887             0.999944554529188             
0.261427425821973             0.999942475506129             
0.262229350441059             0.999940324371182             
0.263031275060144             0.999938098824047             
0.26383319967923              0.999935796499469             
0.264635124298316             0.999933414965628             
0.265437048917402             0.999930951738211             
0.266238973536488             0.999928404279583             
0.267040898155573             0.999925769982163             
0.267842822774659             0.999923046166831             
0.268644747393745             0.999920230081285             
0.269446672012831             0.99991731891925              
0.270248596631917             0.999914309809869             
0.271050521251002             0.999911199805565             
0.271852445870088             0.999907985880392             
0.272654370489174             0.999904664928347             
0.27345629510826              0.999901233744078             
0.274258219727346             0.999897689033313             
0.275060144346431             0.999894027415439             
0.275862068965517             0.99989024542163              
0.276663993584603             0.999886339492196             
0.277465918203689             0.999882305973489             
0.278267842822775             0.999878141117763             
0.27906976744186              0.999873841081216             
0.279871692060946             0.999869401921946             
0.280673616680032             0.999864819628675             
0.281475541299118             0.999860090092894             
0.282277465918204             0.999855209103396             
0.283079390537289             0.999850172344238             
0.283881315156375             0.999844975421173             
0.284683239775461             0.999839613869144             
0.285485164394547             0.999834083114952             
0.286287089013633             0.999828378394618             
0.287089013632719             0.99982249479829              
0.287890938251804             0.999816427297026             
0.28869286287089              0.999810170813344             
0.289494787489976             0.999803720151999             
0.290296712109062             0.999797069981898             
0.291098636728148             0.999790214795364             
0.291900561347233             0.999783148954733             
0.292702485966319             0.999775866708563             
0.293504410585405             0.99976836218852              
0.294306335204491             0.999760629390425             
0.295108259823577             0.999752662147394             
0.295910184442662             0.999744454146635             
0.296712109061748             0.999735999008957             
0.297514033680834             0.999727290418647             
0.29831595829992              0.999718321921662             
0.299117882919006             0.999709086713077             
0.299919807538091             0.999699577749684             
0.300721732157177             0.999689787814984             
0.301523656776263             0.999679709457133             
0.302325581395349             0.999669335058761             
0.303127506014435             0.99965865683401              
0.30392943063352              0.999647666825551             
0.304731355252606             0.99963635703728              
0.305533279871692             0.999624719660533             
0.306335204490778             0.999612746725032             
0.307137129109864             0.999600429858276             
0.307939053728949             0.99958776037279              
0.308740978348035             0.999574729398933             
0.309542902967121             0.9995613278947               
0.310344827586207             0.999547546630667             
0.311146752205293             0.999533376187376             
0.311948676824378             0.999518806957591             
0.312750601443464             0.999503829138234             
0.31355252606255              0.999488432746845             
0.314354450681636             0.999472607822886             
0.315156375300722             0.999456344209924             
0.315958299919808             0.999439631523672             
0.316760224538893             0.999422458979034             
0.317562149157979             0.999404815579454             
0.318364073777065             0.999386690133269             
0.319165998396151             0.999368071302247             
0.319967923015237             0.999348947531061             
0.320769847634322             0.999329307015456             
0.321571772253408             0.99930913766379              
0.322373696872494             0.999288427155675             
0.32317562149158              0.999267163019739             
0.323977546110666             0.99924533271165              
0.324779470729751             0.999222923457612             
0.325581395348837             0.999199922224716             
0.326383319967923             0.999176315698472             
0.327185244587009             0.999152090324749             
0.327987169206095             0.999127232072109             
0.32878909382518              0.999101726653909             
0.329591018444266             0.999075559605742             
0.330392943063352             0.999048716539847             
0.331194867682438             0.999021182819798             
0.331996792301524             0.998992943337798             
0.332798716920609             0.998963982393703             
0.333600641539695             0.99893428401347              
0.334402566158781             0.998903831945931             
0.335204490777867             0.998872609664309             
0.336006415396953             0.99884060136134              
0.336808340016038             0.998807790973788             
0.337610264635124             0.998774162111639             
0.33841218925421              0.998739697517916             
0.339214113873296             0.998704379654496             
0.340016038492382             0.998668190727761             
0.340817963111468             0.998631112767048             
0.341619887730553             0.998593127516881             
0.342421812349639             0.998554216437309             
0.343223736968725             0.998514360716767             
0.344025661587811             0.998473541252482             
0.344827586206897             0.998431738607433             
0.345629510825982             0.998388932979462             
0.346431435445068             0.998345104265208             
0.347233360064154             0.998300233228582             
0.34803528468324              0.998254301060457             
0.348837209302326             0.998207288575536             
0.349639133921411             0.998159174536395             
0.350441058540497             0.998109937398288             
0.351242983159583             0.998059555314483             
0.352044907778669             0.998008006134531             
0.352846832397755             0.997955267394842             
0.35364875701684              0.997901316342726             
0.354450681635926             0.997846129958198             
0.355252606255012             0.997789684904356             
0.356054530874098             0.997731957591074             
0.356856455493184             0.997672924366735             
0.357658380112269             0.997612561266055             
0.358460304731355             0.997550844008773             
0.359262229350441             0.99748774794786              
0.360064153969527             0.997423248085126             
0.360866078588613             0.997357319101669             
0.361668003207698             0.99728993551791              
0.362469927826784             0.997221072071428             
0.36327185244587              0.997150703192519             
0.364073777064956             0.997078802525659             
0.364875701684042             0.997005343007204             
0.365677626303128             0.996930297244348             
0.366479550922213             0.996853638354694             
0.367281475541299             0.996775339262323             
0.368083400160385             0.996695371956881             
0.368885324779471             0.996613707770479             
0.369687249398557             0.996530317706482             
0.370489174017642             0.996445172439795             
0.371291098636728             0.996358242313181             
0.372093023255814             0.996269497458034             
0.3728949478749               0.99617890780589              
0.373696872493986             0.996086442960652             
0.374498797113071             0.995992073443885             
0.375300721732157             0.995895770553879             
0.376102646351243             0.99579750530903              
0.376904570970329             0.995697246798726             
0.377706495589415             0.995594963140954             
0.3785084202085               0.995490622132705             
0.379310344827586             0.995384191324531             
0.380112269446672             0.995275637957471             
0.380914194065758             0.995164928954944             
0.381716118684844             0.995052030854961             
0.382518043303929             0.994936909824329             
0.383319967923015             0.994819531712172             
0.384121892542101             0.994699862050826             
0.384923817161187             0.994577867144695             
0.385725741780273             0.994453513078931             
0.386527666399358             0.994326765648019             
0.387329591018444             0.994197590456755             
0.38813151563753              0.994065953051129             
0.388933440256616             0.993931818698342             
0.389735364875702             0.993795151775386             
0.390537289494787             0.993655915835452             
0.391339214113873             0.993514074139401             
0.392141138732959             0.993369590652067             
0.392943063352045             0.993222429381406             
0.393744987971131             0.993072554072443             
0.394546912590217             0.992919927418273             
0.395348837209302             0.992764511814023             
0.396150761828388             0.992606269264006             
0.396952686447474             0.992445161313199             
0.39775461106656              0.992281149239051             
0.398556535685646             0.992114193550343             
0.399358460304731             0.991944254371383             
0.400160384923817             0.991771291556884             
0.400962309542903             0.991595264694685             
0.401764234161989             0.991416135074837             
0.402566158781075             0.99123386738838              
0.40336808340016              0.991048425328675             
0.404170008019246             0.990859766352336             
0.404971932638332             0.990667847650309             
0.405773857257418             0.990472626150643             
0.406575781876504             0.990274058521398             
0.407377706495589             0.990072104404576             
0.408179631114675             0.98986672620012              
0.408981555733761             0.98965788614534              
0.409783480352847             0.989445546320454             
0.410585404971933             0.989229667793015             
0.411387329591018             0.98901020914983              
0.412189254210104             0.98878712879824              
0.41299117882919              0.988560384970783             
0.413793103448276             0.98832993621102              
0.414595028067362             0.98809574523128              
0.415396952686447             0.987857774637086             
0.416198877305533             0.987615983739489             
0.417000801924619             0.987370329922627             
0.417802726543705             0.987120770379523             
0.418604651162791             0.986867261938251             
0.419406575781877             0.98660976129198              
0.420208500400962             0.986348225106893             
0.421010425020048             0.986082610503382             
0.421812349639134             0.985812874491047             
0.42261427425822              0.985538974242688             
0.423416198877306             0.985260868844045             
0.424218123496391             0.984978517311035             
0.425020048115477             0.984691878596196             
0.425821972734563             0.984400910077954             
0.426623897353649             0.984105568388143             
0.427425821972735             0.983805810092691             
0.42822774659182              0.983501591800987             
0.429029671210906             0.983192871404681             
0.429831595829992             0.982879606762093             
0.430633520449078             0.982561755704868             
0.431435445068164             0.982239275529819             
0.432237369687249             0.981912122858419             
0.433039294306335             0.981580254294862             
0.433841218925421             0.981243626432673             
0.434643143544507             0.980902196654046             
0.435445068163593             0.980555922975184             
0.436246992782678             0.980204763433829             
0.437048917401764             0.979848676096214             
0.43785084202085              0.97948761906405              
0.438652766639936             0.979121552570978             
0.439454691259022             0.978750437066119             
0.440256615878107             0.978374233071125             
0.441058540497193             0.977992900273596             
0.441860465116279             0.977606396957152             
0.442662389735365             0.977214681484186             
0.443464314354451             0.976817712302899             
0.444266238973536             0.976415451788799             
0.445068163592622             0.976007863292805             
0.445870088211708             0.975594910299562             
0.446672012830794             0.97517655282093              
0.44747393744988              0.974752750012091             
0.448275862068966             0.974323461160684             
0.449077786688051             0.973888648669008             
0.449879711307137             0.97344827613215              
0.450681635926223             0.973002306627429             
0.451483560545309             0.972550700394757             
0.452285485164395             0.972093417846543             
0.45308740978348              0.971630418268019             
0.453889334402566             0.97116166032961              
0.454691259021652             0.970687102884516             
0.455493183640738             0.970206704975873             
0.456295108259824             0.969720427591856             
0.457097032878909             0.969228235269061             
0.457898957497995             0.968730092777677             
0.458700882117081             0.96822596512866              
0.459502806736167             0.967715820672598             
0.460304731355253             0.967199629744352             
0.461106655974338             0.966677362950212             
0.461908580593424             0.966148991175225             
0.46271050521251              0.965614479875317             
0.463512429831596             0.965073794311111             
0.464314354450682             0.964526900032815             
0.465116279069767             0.963973763069365             
0.465918203688853             0.963414352244934             
0.466720128307939             0.96284863669941              
0.467522052927025             0.962276585895291             
0.468323977546111             0.961698168957983             
0.469125902165196             0.961113354314369             
0.469927826784282             0.960522110731812             
0.470729751403368             0.959924407324746             
0.471531676022454             0.959320216462328             
0.47233360064154              0.958709512135525             
0.473135525260626             0.958092268704012             
0.473937449879711             0.957468460656973             
0.474739374498797             0.95683806003286              
0.475541299117883             0.956201039258028             
0.476343223736969             0.955557371152904             
0.477145148356055             0.954907029978043             
0.47794707297514              0.954249991716277             
0.478748997594226             0.953586232761795             
0.479550922213312             0.952915729863855             
0.480352846832398             0.952238458644181             
0.481154771451484             0.951554395154338             
0.481956696070569             0.950863515881141             
0.482758620689655             0.950165802940193             
0.483560545308741             0.949461242113809             
0.484362469927827             0.948749819615406             
0.485164394546913             0.948031515265925             
0.485966319165998             0.947306307820611             
0.486768243785084             0.946574176506652             
0.48757016840417              0.945835101543928             
0.488372093023256             0.945089063630395             
0.489174017642342             0.944336043946953             
0.489975942261427             0.943576024760999             
0.490777866880513             0.942808989119205             
0.491579791499599             0.942034920563036             
0.492381716118685             0.941253803918757             
0.493183640737771             0.940465626140896             
0.493985565356856             0.939670374683961             
0.494787489975942             0.938868037506415             
0.495589414595028             0.938058603423924             
0.496391339214114             0.937242061998576             
0.4971932638332               0.936418403305236             
0.497995188452285             0.935587618182959             
0.498797113071371             0.934749698465778             
0.499599037690457             0.933904636507615             
0.500400962309543             0.933052424782175             
0.501202886928629             0.932193050813553             
0.502004811547714             0.931326502678526             
0.5028067361668               0.930452769009397             
0.503608660785886             0.929571838996737             
0.504410585404972             0.928683715194856             
0.505212510024058             0.927788408902039             
0.506014434643144             0.926885931838926             
0.506816359262229             0.925976282553489             
0.507618283881315             0.925059457473446             
0.508420208500401             0.924135453455496             
0.509222133119487             0.923204265555957             
0.510024057738573             0.922265889403185             
0.510825982357658             0.921320321199529             
0.511627906976744             0.92036755827037              
0.51242983159583              0.919407601812677             
0.513231756214916             0.918440453580207             
0.514033680834002             0.917466115884519             
0.514835605453087             0.916484591595894             
0.515637530072173             0.915495890481237             
0.516439454691259             0.914500027643122             
0.517241379310345             0.913497018651125             
0.518043303929431             0.912486872269291             
0.518845228548516             0.911469594562652             
0.519647153167602             0.910445192156046             
0.520449077786688             0.909413673507965             
0.521251002405774             0.908375047945859             
0.52205292702486              0.907329325345239             
0.522854851643946             0.90627651612958              
0.523656776263031             0.905216631618655             
0.524458700882117             0.904149683882666             
0.525260625501203             0.903075685533647             
0.526062550120289             0.9019946497246               
0.526864474739374             0.900906595113663             
0.52766639935846              0.89981154771923              
0.528468323977546             0.898709533973142             
0.529270248596632             0.897600575086994             
0.530072173215718             0.896484687511718             
0.530874097834804             0.895361888226487             
0.531676022453889             0.894232192988319             
0.532477947072975             0.893095616921658             
0.533279871692061             0.891952175701675             
0.534081796311147             0.890801885552729             
0.534883720930233             0.889644765335295             
0.535685645549318             0.888480837452372             
0.536487570168404             0.887310124800399             
0.53728949478749              0.88613265076676              
0.538091419406576             0.884948441631224             
0.538893344025662             0.883757535127285             
0.539695268644747             0.882559969300354             
0.540497193263833             0.881355781602988             
0.541299117882919             0.880144997860974             
0.542101042502005             0.878927644373201             
0.542902967121091             0.877703747908959             
0.543704891740176             0.876473334030629             
0.544506816359262             0.875236428674244             
0.545308740978348             0.873993058257497             
0.546110665597434             0.872743249676655             
0.54691259021652              0.871487033032976             
0.547714514835605             0.870224440134407             
0.548516439454691             0.868955503209043             
0.549318364073777             0.867680254900935             
0.550120288692863             0.866398740396302             
0.550922213311949             0.865111024591403             
0.551724137931034             0.863817158274796             
0.55252606255012              0.862517175065727             
0.553327987169206             0.861211106328524             
0.554129911788292             0.859898981209689             
0.554931836407378             0.858580829314369             
0.555733761026464             0.857256682133555             
0.556535685645549             0.855926579960652             
0.557337610264635             0.854590563406888             
0.558139534883721             0.853248673397241             
0.558941459502807             0.851900949716471             
0.559743384121893             0.850547432214183             
0.560545308740978             0.849188161065482             
0.561347233360064             0.847823181738197             
0.56214915797915              0.846452544508182             
0.562951082598236             0.84507629981191              
0.563753007217322             0.843694491989913             
0.564554931836407             0.842307163628924             
0.565356856455493             0.840914357598881             
0.566158781074579             0.839516112335225             
0.566960705693665             0.838112466480496             
0.567762630312751             0.836703459016834             
0.568564554931836             0.835289129261146             
0.569366479550922             0.833869521110007             
0.570168404170008             0.832444681177093             
0.570970328789094             0.831014656295081             
0.57177225340818              0.82957949351089              
0.572574178027265             0.828139240630213             
0.573376102646351             0.826693947362478             
0.574178027265437             0.825243663579288             
0.574979951884523             0.823788439309771             
0.575781876503609             0.82232832473592              
0.576583801122694             0.820863370098447             
0.57738572574178              0.819393625681868             
0.578187650360866             0.817919141912133             
0.578989574979952             0.816439969351468             
0.579791499599038             0.814956158693235             
0.580593424218123             0.813467773761332             
0.581395348837209             0.811974885801182             
0.582197273456295             0.810477564232105             
0.582999198075381             0.80897585987398              
0.583801122694467             0.807469823652879             
0.584603047313553             0.80595950494532              
0.585404971932638             0.804444951632407             
0.586206896551724             0.802926211743934             
0.58700882117081              0.801403333453282             
0.587810745789896             0.799876368585898             
0.588612670408982             0.798345370972129             
0.589414595028067             0.796810394472872             
0.590216519647153             0.79527149297491              
0.591018444266239             0.793728725814396             
0.591820368885325             0.792182154125222             
0.592622293504411             0.790631838906635             
0.593424218123496             0.789077839846211             
0.594226142742582             0.787520212003708             
0.595028067361668             0.785959010411361             
0.595829991980754             0.784394290069263             
0.59663191659984              0.782826116206118             
0.597433841218925             0.781254559682564             
0.598235765838011             0.779679679238789             
0.599037690457097             0.778101521644185             
0.599839615076183             0.776520133761675             
0.600641539695269             0.774935562542643             
0.601443464314354             0.77334785832064              
0.60224538893344              0.771757075134252             
0.603047313552526             0.770163266964264             
0.603849238171612             0.768566487729277             
0.604651162790698             0.766966791281372             
0.605453087409783             0.765364235695878             
0.606255012028869             0.763758890511654             
0.607056936647955             0.762150824822768             
0.607858861267041             0.760540107278861             
0.608660785886127             0.758926806047409             
0.609462710505213             0.757310988850204             
0.610264635124298             0.75569271283608              
0.611066559743384             0.754072033452118             
0.61186848436247              0.752449004349277             
0.612670408981556             0.750823678664883             
0.613472333600642             0.749196109405313             
0.614274258219727             0.747566351707074             
0.615076182838813             0.745934462067801             
0.615878107457899             0.744300496760618             
0.616680032076985             0.742664512872413             
0.617481956696071             0.74102656924008              
0.618283881315156             0.739386724397745             
0.619085805934242             0.737745036330277             
0.619887730553328             0.736101561428275             
0.620689655172414             0.734456355810884             
0.6214915797915               0.732809475323572             
0.622293504410585             0.731160983672483             
0.623095429029671             0.729510944572459             
0.623897353648757             0.727859419382466             
0.624699278267843             0.726206463248007             
0.625501202886929             0.724552131016384             
0.626303127506014             0.722896479712935             
0.6271050521251               0.72123956828832              
0.627906976744186             0.719581455076581             
0.628708901363272             0.717922194395898             
0.629510825982358             0.716261840239344             
0.630312750601443             0.71460044819268              
0.631114675220529             0.712938074933818             
0.631916599839615             0.711274776727974             
0.632718524458701             0.709610602382485             
0.633520449077787             0.707945599413319             
0.634322373696872             0.706279815116673             
0.635124298315958             0.704613296566037             
0.635926222935044             0.70294610141408              
0.63672814755413              0.701278309721558             
0.637530072173216             0.699609984065288             
0.638331996792302             0.697941168438269             
0.639133921411387             0.696271906636449             
0.639935846030473             0.694602242256095             
0.640737770649559             0.692932223836548             
0.641539695268645             0.691261904629464             
0.642341619887731             0.689591337430619             
0.643143544506816             0.687920574580832             
0.643945469125902             0.686249671321841             
0.644747393744988             0.684578686007195             
0.645549318364074             0.682907676340042             
0.64635124298316              0.68123669458335              
0.647153167602245             0.679565790588715             
0.647955092221331             0.677895013760768             
0.648757016840417             0.67622441415467              
0.649558941459503             0.674554041441514             
0.650360866078589             0.672883944817005             
0.651162790697674             0.671214172952853             
0.65196471531676              0.66954477400714              
0.652766639935846             0.667875795670249             
0.653568564554932             0.666207285565569             
0.654370489174018             0.664539294143277             
0.655172413793103             0.662871871285187             
0.655974338412189             0.661205066308473             
0.656776263031275             0.659538925913904             
0.657578187650361             0.657873496177031             
0.658380112269447             0.656208822681926             
0.659182036888532             0.654544950563966             
0.659983961507618             0.652881924484953             
0.660785886126704             0.651219788620939             
0.66158781074579              0.64955858666468              
0.662389735364876             0.64789836289696              
0.663191659983961             0.646239161102297             
0.663993584603047             0.644581024558222             
0.664795509222133             0.642923998040454             
0.665597433841219             0.641268134528595             
0.666399358460305             0.639613486158526             
0.667201283079391             0.637960095972494             
0.668003207698476             0.636308004801218             
0.668805132317562             0.634657251580673             
0.669607056936648             0.633007873149388             
0.670408981555734             0.631359905941336             
0.67121090617482              0.629713385987495             
0.672012830793905             0.628068351921108             
0.672814755412991             0.626424845471795             
0.673616680032077             0.62478290777725              
0.674418604651163             0.62314257938881              
0.675220529270249             0.62150389997626              
0.676022453889334             0.619866908611544             
0.67682437850842              0.618231643806979             
0.677626303127506             0.616598144281718             
0.678428227746592             0.614966448606657             
0.679230152365678             0.613336594771375             
0.680032076984763             0.611708619545961             
0.680834001603849             0.610082557866508             
0.681635926222935             0.608458444165863             
0.682437850842021             0.606836312378082             
0.683239775461107             0.605216197224513             
0.684041700080192             0.603598133266046             
0.684843624699278             0.601982154526447             
0.685645549318364             0.600368297071468             
0.68644747393745              0.598756609266869             
0.687249398556536             0.597147128662892             
0.688051323175621             0.595539886322463             
0.688853247794707             0.593934910527884             
0.689655172413793             0.592332229147037             
0.690457097032879             0.590731871625131             
0.691259021651965             0.589133868235514             
0.692060946271051             0.587538249128152             
0.692862870890136             0.585945048023133             
0.693664795509222             0.584354297993219             
0.694466720128308             0.582766028369278             
0.695268644747394             0.581180267294832             
0.696070569366479             0.579597042891585             
0.696872493985565             0.578016383178583             
0.697674418604651             0.57643831566189              
0.698476343223737             0.574862867719569             
0.699278267842823             0.573290066223136             
0.700080192461909             0.571719936827884             
0.700882117080994             0.570152503635648             
0.70168404170008              0.568587790308646             
0.702485966319166             0.567025820073533             
0.703287890938252             0.565466617559445             
0.704089815557338             0.563910207704439             
0.704891740176423             0.562356614936537             
0.705693664795509             0.560805863179455             
0.706495589414595             0.559257982270745             
0.707297514033681             0.55771300176903              
0.708099438652767             0.556170946707683             
0.708901363271852             0.554631839366012             
0.709703287890938             0.553095701297186             
0.710505212510024             0.551562553048717             
0.71130713712911              0.550032414681998             
0.712109061748196             0.548505307932267             
0.712910986367281             0.546981255808972             
0.713712910986367             0.545460279925396             
0.714514835605453             0.543942399813333             
0.715316760224539             0.542427634408014             
0.716118684843625             0.540916000584236             
0.716920609462711             0.539407514971262             
0.717722534081796             0.537902193952866             
0.718524458700882             0.536400051104471             
0.719326383319968             0.53490109720727              
0.720128307939054             0.533405342890205             
0.720930232558139             0.531912798586606             
0.721732157177225             0.530423481269795             
0.722534081796311             0.528937408967925             
0.723336006415397             0.52745459920159              
0.724137931034483             0.525975068991669             
0.724939855653569             0.52449883553347              
0.725741780272654             0.523025915540677             
0.72654370489174              0.521556325224861             
0.727345629510826             0.520090080467708             
0.728147554129912             0.51862720149674              
0.728949478748998             0.51716770785761              
0.729751403368083             0.515711616359948             
0.730553327987169             0.514258941350154             
0.731355252606255             0.51280969669593              
0.732157177225341             0.511363898100799             
0.732959101844427             0.509921560781213             
0.733761026463512             0.508482697781259             
0.734562951082598             0.507047321613997             
0.735364875701684             0.505615442404625             
0.73616680032077              0.504187069766817             
0.736968724939856             0.502762212949332             
0.737770649558941             0.501340883116853             
0.738572574178027             0.49992309115191              
0.739374498797113             0.498508847501274             
0.740176423416199             0.497098163612179             
0.740978348035285             0.495691050627709             
0.741780272654371             0.494287518942149             
0.742582197273456             0.492887577852966             
0.743384121892542             0.491491236240896             
0.744186046511628             0.490098503732019             
0.744987971130714             0.48870939007326              
0.745789895749799             0.487323903973522             
0.746591820368885             0.485942053141635             
0.747393744987971             0.484563844901921             
0.748195669607057             0.483189286214291             
0.748997594226143             0.481818383664716             
0.749799518845229             0.480451143871042             
0.750601443464314             0.479087573070727             
0.7514033680834               0.477727676395403             
0.752205292702486             0.47637145832422              
0.753007217321572             0.475018923017892             
0.753809141940658             0.473670075341995             
0.754611066559743             0.472324920277382             
0.755412991178829             0.470983462443726             
0.756214915797915             0.46964570698184              
0.757016840417001             0.468311659170423             
0.757818765036087             0.466981323859352             
0.758620689655172             0.465654704740453             
0.759422614274258             0.464331805160769             
0.760224538893344             0.463012630894178             
0.76102646351243              0.46169718966917              
0.761828388131516             0.460385483997354             
0.762630312750601             0.459077513266622             
0.763432237369687             0.457773276655944             
0.764234161988773             0.4564727734158               
0.765036086607859             0.455176005338569             
0.765838011226945             0.453882973902028             
0.766639935846031             0.452593680433524             
0.767441860465116             0.451308127129405             
0.768243785084202             0.450026315835339             
0.769045709703288             0.448748247524793             
0.769847634322374             0.447473922585611             
0.770649558941459             0.446203341285643             
0.771451483560545             0.444936504500786             
0.772253408179631             0.443673412762857             
0.773055332798717             0.442414065666766             
0.773857257417803             0.441158462529055             
0.774659182036889             0.439906603410236             
0.775461106655974             0.438658488109044             
0.77626303127506              0.437414115414836             
0.777064955894146             0.436173483807847             
0.777866880513232             0.434936591416385             
0.778668805132318             0.433703436279775             
0.779470729751403             0.432474016452702             
0.780272654370489             0.431248329445157             
0.781074578989575             0.430026372108572             
0.781876503608661             0.428808141086367             
0.782678428227747             0.427593634503113             
0.783480352846832             0.426382850489636             
0.784282277465918             0.425175771820162             
0.785084202085004             0.423972373502555             
0.78588612670409              0.422772639402163             
0.786688051323176             0.421576564630485             
0.787489975942261             0.420384144159878             
0.788291900561347             0.419195373380172             
0.789093825180433             0.418010247661368             
0.789895749799519             0.416828762349508             
0.790697674418605             0.415650913576114             
0.79149959903769              0.414476697280828             
0.792301523656776             0.413306108698146             
0.793103448275862             0.412139142894118             
0.793905372894948             0.410975795832041             
0.794707297514034             0.409816063336449             
0.795509222133119             0.408659940406667             
0.796311146752205             0.407507421262751             
0.797113071371291             0.406358499542128             
0.797914995990377             0.405213168769682             
0.798716920609463             0.404071423520818             
0.799518845228549             0.402933258587309             
0.800320769847634             0.401798668596725             
0.80112269446672              0.400667649413655             
0.801924619085806             0.399540196865091             
0.802726543704892             0.398416305957895             
0.803528468323978             0.397295971424444             
0.804330392943063             0.39617918938455              
0.805132317562149             0.395065955722475             
0.805934242181235             0.393956265626853             
0.806736166800321             0.392850111098053             
0.807538091419407             0.39174748392767              
0.808340016038492             0.390648373135379             
0.809141940657578             0.389552763237063             
0.809943865276664             0.388460542752235             
0.81074578989575              0.38737167462629              
0.811547714514836             0.386286149963791             
0.812349639133921             0.385203961822151             
0.813151563753007             0.384125105672332             
0.813953488372093             0.383049576950081             
0.814755412991179             0.381977372298171             
0.815557337610265             0.380908488132365             
0.81635926222935              0.379842920905194             
0.817161186848436             0.378780667299293             
0.817963111467522             0.377721724619156             
0.818765036086608             0.376666087197603             
0.819566960705694             0.375613748775731             
0.820368885324779             0.374564702976981             
0.821170809943865             0.373518943673254             
0.821972734562951             0.372476465243478             
0.822774659182037             0.371437261919105             
0.823576583801123             0.370401327801202             
0.824378508420208             0.369368657591501             
0.825180433039294             0.368339245823472             
0.82598235765838              0.36731308686787              
0.826784282277466             0.366290176377308             
0.827586206896552             0.365270510753569             
0.828388131515638             0.364254084862927             
0.829190056134723             0.363240892774933             
0.829991980753809             0.362230928898546             
0.830793905372895             0.361224187626604             
0.831595829991981             0.360220662841821             
0.832397754611067             0.359220348151967             
0.833199679230152             0.358223236840926             
0.834001603849238             0.357229322263133             
0.834803528468324             0.356238597995166             
0.83560545308741              0.355251057341964             
0.836407377706496             0.354266693142865             
0.837209302325581             0.35328549812725              
0.838011226944667             0.352307465254965             
0.838813151563753             0.351332587763504             
0.839615076182839             0.350360858758208             
0.840417000801925             0.349392272262697             
0.84121892542101              0.348426822889929             
0.842020850040096             0.347464503798517             
0.842822774659182             0.3465053079114               
0.843624699278268             0.345549228664489             
0.844426623897354             0.344596258942679             
0.845228548516439             0.343646391416529             
0.846030473135525             0.342699618693078             
0.846832397754611             0.341755933343266             
0.847634322373697             0.340815327289615             
0.848436246992783             0.339877791981201             
0.849238171611868             0.338943318807283             
0.850040096230954             0.338011899954481             
0.85084202085004              0.337083527747168             
0.851643945469126             0.336158194408454             
0.852445870088212             0.335235894030516             
0.853247794707298             0.334316619802205             
0.854049719326383             0.333400363830583             
0.854851643945469             0.33248711795194              
0.855653568564555             0.331576874016644             
0.856455493183641             0.330669624034124             
0.857257417802727             0.329765360091164             
0.858059342421812             0.32886407432662              
0.858861267040898             0.327965758661297             
0.859663191659984             0.327070405232458             
0.86046511627907              0.326178006506384             
0.861267040898156             0.325288554173084             
0.862068965517241             0.324402039007269             
0.862870890136327             0.323518451752793             
0.863672814755413             0.32263778357098              
0.864474739374499             0.321760026182626             
0.865276663993585             0.320885171234237             
0.86607858861267              0.320013211041817             
0.866880513231756             0.319144138170618             
0.867682437850842             0.318277944329938             
0.868484362469928             0.317414621132824             
0.869286287089014             0.316554160636587             
0.870088211708099             0.315696554527637             
0.870890136327185             0.31484179413764              
0.871692060946271             0.313989870334474             
0.872493985565357             0.313140773956492             
0.873295910184443             0.312294496382442             
0.874097834803528             0.311451029085024             
0.874899759422614             0.3106103639132               
0.8757016840417               0.30977249397625              
0.876503608660786             0.308937410711113             
0.877305533279872             0.308105105455142             
0.878107457898957             0.307275569570582             
0.878909382518043             0.306448794560052             
0.879711307137129             0.305624772348762             
0.880513231756215             0.304803494214056             
0.881315156375301             0.303984951128577             
0.882117080994387             0.303169134462855             
0.882919005613472             0.302356035342798             
0.883720930232558             0.301545644684153             
0.884522854851644             0.300737953603524             
0.88532477947073              0.2999329534847               
0.886126704089816             0.299130635984426             
0.886928628708901             0.298330993518391             
0.887730553327987             0.297534017395696             
0.888532477947073             0.296739698551759             
0.889334402566159             0.29594802808518              
0.890136327185245             0.295158997341707             
0.89093825180433              0.294372597596255             
0.891740176423416             0.293588820077707             
0.892542101042502             0.292807656172598             
0.893344025661588             0.292029097289707             
0.894145950280674             0.291253135798611             
0.894947874899759             0.290479763389639             
0.895749799518845             0.289708971393155             
0.896551724137931             0.288940751204161             
0.897353648757017             0.288175094121484             
0.898155573376103             0.28741199125333              
0.898957497995188             0.286651433970949             
0.899759422614274             0.285893413744721             
0.90056134723336              0.285137922421867             
0.901363271852446             0.284384951680672             
0.902165196471532             0.283634493054492             
0.902967121090617             0.282886538211771             
0.903769045709703             0.282141078701076             
0.904570970328789             0.281398105999247             
0.905372894947875             0.280657611591555             
0.906174819566961             0.279919587048628             
0.906976744186046             0.279184024692778             
0.907778668805132             0.278450915956992             
0.908580593424218             0.277720252105383             
0.909382518043304             0.276992024697482             
0.91018444266239              0.276266225368002             
0.910986367281476             0.275542845917908             
0.911788291900561             0.274821878255485             
0.912590216519647             0.274103314157673             
0.913392141138733             0.273387145461751             
0.914194065757819             0.272673363813472             
0.914995990376905             0.271961960921602             
0.91579791499599              0.271252928563621             
0.916599839615076             0.270546258516421             
0.917401764234162             0.269841942434189             
0.918203688853248             0.269139972072971             
0.919005613472334             0.268440339777823             
0.919807538091419             0.267743037119438             
0.920609462710505             0.267048055694292             
0.921411387329591             0.26635538747446              
0.922213311948677             0.26566502439405              
0.923015236567763             0.264976958196889             
0.923817161186848             0.264291180816604             
0.924619085805934             0.263607684800964             
0.92542101042502              0.26292646210271              
0.926222935044106             0.262247504696248             
0.927024859663192             0.261570804490719             
0.927826784282277             0.260896353512857             
0.928628708901363             0.260224143780914             
0.929430633520449             0.25955416739196              
0.930232558139535             0.258886416534442             
0.931034482758621             0.258220883464213             
0.931836407377706             0.257557560288526             
0.932638331996792             0.256896439013652             
0.933440256615878             0.256237511757855             
0.934242181234964             0.255580770611195             
0.93504410585405              0.254926207828796             
0.935846030473136             0.254273815868156             
0.936647955092221             0.253623587022055             
0.937449879711307             0.25297551344887              
0.938251804330393             0.252329587418943             
0.939053728949479             0.251685801230848             
0.939855653568564             0.251044147015719             
0.94065757818765              0.250404617085404             
0.941459502806736             0.249767203915137             
0.942261427425822             0.249131899911942             
0.943063352044908             0.248498697501456             
0.943865276663994             0.247867589178495             
0.944667201283079             0.247238567337444             
0.945469125902165             0.246611624301129             
0.946271050521251             0.245986752676053             
0.947072975140337             0.245363944966617             
0.947874899759423             0.244743193641612             
0.948676824378508             0.244124491155559             
0.949478748997594             0.243507830209709             
0.95028067361668              0.242893203308938             
0.951082598235766             0.242280602951648             
0.951884522854852             0.241670021933739             
0.952686447473937             0.241061452888917             
0.953488372093023             0.240454888627527             
0.954290296712109             0.239850321669128             
0.955092221331195             0.239247744722049             
0.955894145950281             0.238647150545149             
0.956696070569366             0.238048531920777             
0.957497995188452             0.237451881703387             
0.958299919807538             0.236857192580211             
0.959101844426624             0.236264457218568             
0.95990376904571              0.235673668447039             
0.960705693664796             0.235084819075368             
0.961507618283881             0.234497901811918             
0.962309542902967             0.233912909331415             
0.963111467522053             0.233329834256051             
0.963913392141139             0.232748669122766             
0.964715316760224             0.23216940646234              
0.96551724137931              0.231592038739069             
0.966319165998396             0.231016558380045             
0.967121090617482             0.230442957775882             
0.967923015236568             0.229871229287049             
0.968724939855654             0.229301365254595             
0.969526864474739             0.228733358019984             
0.970328789093825             0.228167199923629             
0.971130713712911             0.227602883362886             
0.971932638331997             0.227040400810171             
0.972734562951083             0.22647974485378              
0.973536487570168             0.225920908216808             
0.974338412189254             0.225363883777056             
0.97514033680834              0.224808664609082             
0.975942261427426             0.224255244088488             
0.976744186046512             0.223703615623952             
0.977546110665597             0.223153772849695             
0.978348035284683             0.222605709497673             
0.979149959903769             0.222059419412392             
0.979951884522855             0.221514896488432             
0.980753809141941             0.220972134603355             
0.981555733761026             0.220431127805027             
0.982357658380112             0.219891870033207             
0.983159582999198             0.219354355290464             
0.983961507618284             0.218818577583737             
0.98476343223737              0.218284530877678             
0.985565356856456             0.217752209212541             
0.986367281475541             0.217221606566964             
0.987169206094627             0.216692716945607             
0.987971130713713             0.216165534320171             
0.988773055332799             0.215640052663893             
0.989574979951884             0.215116265928556             
0.99037690457097              0.21459416807784              
0.991178829190056             0.214073753050513             
0.991980753809142             0.213555014785497             
0.992782678428228             0.213037947178734             
0.993584603047314             0.212522544128065             
0.994386527666399             0.212008799507616             
0.995188452285485             0.211496707163301             
0.995990376904571             0.210986260929685             
0.996792301523657             0.210477454599835             
0.997594226142743             0.209970281879863             
0.998396150761828             0.209464736447552             
0.999198075380914             0.208960812166376             
1.0                           0.208458502844548             
