time relative to tcryst:  405522486.1541790 years
r/r_wd                        B/B0
0.000801924619085806          0.999999999999995             
0.00160384923817161           0.999999999999995             
0.00240577385725742           0.999999999999995             
0.00320769847634322           0.999999999999996             
0.00400962309542903           0.999999999999994             
0.00481154771451484           0.999999999999993             
0.00561347233360064           0.999999999999998             
0.00641539695268645           1.0                           
0.00721732157177225           1.0                           
0.00801924619085806           1.0                           
0.00882117080994387           1.0                           
0.00962309542902967           1.0                           
0.0104250200481155            1.0                           
0.0112269446672013            1.0                           
0.0120288692862871            1.0                           
0.0128307939053729            1.0                           
0.0136327185244587            1.0                           
0.0144346431435445            1.0                           
0.0152365677626303            1.00000000000001              
0.0160384923817161            1.00000000000001              
0.0168404170008019            1.00000000000001              
0.0176423416198877            1.0                           
0.0184442662389735            1.00000000000001              
0.0192461908580593            1.00000000000001              
0.0200481154771451            1.0                           
0.020850040096231             1.0                           
0.0216519647153168            1.0                           
0.0224538893344026            1.0                           
0.0232558139534884            1.0                           
0.0240577385725742            1.0                           
0.02485966319166              1.0                           
0.0256615878107458            1.00000000000001              
0.0264635124298316            1.00000000000001              
0.0272654370489174            1.00000000000001              
0.0280673616680032            1.00000000000001              
0.028869286287089             1.00000000000002              
0.0296712109061748            1.00000000000002              
0.0304731355252606            1.00000000000002              
0.0312750601443464            1.00000000000002              
0.0320769847634322            1.00000000000002              
0.032878909382518             1.00000000000002              
0.0336808340016038            1.00000000000002              
0.0344827586206897            1.00000000000003              
0.0352846832397755            1.00000000000003              
0.0360866078588613            1.00000000000003              
0.0368885324779471            1.00000000000003              
0.0376904570970329            1.00000000000003              
0.0384923817161187            1.00000000000003              
0.0392943063352045            1.00000000000003              
0.0400962309542903            1.00000000000003              
0.0408981555733761            1.00000000000004              
0.0417000801924619            1.00000000000004              
0.0425020048115477            1.00000000000004              
0.0433039294306335            1.00000000000004              
0.0441058540497193            1.00000000000004              
0.0449077786688051            1.00000000000004              
0.0457097032878909            1.00000000000004              
0.0465116279069767            1.00000000000004              
0.0473135525260625            1.00000000000005              
0.0481154771451484            1.00000000000005              
0.0489174017642342            1.00000000000005              
0.04971932638332              1.00000000000005              
0.0505212510024058            1.00000000000005              
0.0513231756214916            1.00000000000005              
0.0521251002405774            1.00000000000005              
0.0529270248596632            1.00000000000005              
0.053728949478749             1.00000000000005              
0.0545308740978348            1.00000000000004              
0.0553327987169206            1.00000000000004              
0.0561347233360064            1.00000000000004              
0.0569366479550922            1.00000000000004              
0.057738572574178             1.00000000000004              
0.0585404971932638            1.00000000000004              
0.0593424218123496            1.00000000000004              
0.0601443464314354            1.00000000000004              
0.0609462710505213            1.00000000000004              
0.0617481956696071            1.00000000000003              
0.0625501202886929            1.00000000000003              
0.0633520449077787            1.00000000000004              
0.0641539695268645            1.00000000000004              
0.0649558941459503            1.00000000000004              
0.0657578187650361            1.00000000000004              
0.0665597433841219            1.00000000000003              
0.0673616680032077            1.00000000000003              
0.0681635926222935            1.00000000000003              
0.0689655172413793            1.00000000000003              
0.0697674418604651            1.00000000000003              
0.0705693664795509            1.00000000000003              
0.0713712910986367            1.00000000000003              
0.0721732157177225            1.00000000000003              
0.0729751403368083            1.00000000000003              
0.0737770649558941            1.00000000000002              
0.07457898957498              1.00000000000002              
0.0753809141940658            1.00000000000003              
0.0761828388131516            1.00000000000003              
0.0769847634322374            1.00000000000003              
0.0777866880513232            1.00000000000003              
0.078588612670409             1.00000000000003              
0.0793905372894948            1.00000000000003              
0.0801924619085806            1.00000000000003              
0.0809943865276664            1.00000000000003              
0.0817963111467522            1.00000000000003              
0.082598235765838             1.00000000000003              
0.0834001603849238            1.00000000000002              
0.0842020850040096            1.00000000000003              
0.0850040096230954            1.00000000000003              
0.0858059342421812            1.00000000000003              
0.086607858861267             1.00000000000003              
0.0874097834803528            1.00000000000003              
0.0882117080994387            1.00000000000003              
0.0890136327185245            1.00000000000003              
0.0898155573376103            1.00000000000003              
0.0906174819566961            1.00000000000002              
0.0914194065757819            1.00000000000002              
0.0922213311948677            1.00000000000002              
0.0930232558139535            1.00000000000002              
0.0938251804330393            1.00000000000002              
0.0946271050521251            1.00000000000002              
0.0954290296712109            1.00000000000002              
0.0962309542902967            1.00000000000002              
0.0970328789093825            1.00000000000002              
0.0978348035284683            1.00000000000002              
0.0986367281475541            1.00000000000002              
0.0994386527666399            1.00000000000002              
0.100240577385726             1.00000000000002              
0.101042502004812             1.00000000000002              
0.101844426623897             1.00000000000002              
0.102646351242983             1.00000000000002              
0.103448275862069             1.00000000000002              
0.104250200481155             1.00000000000002              
0.105052125100241             1.00000000000002              
0.105854049719326             1.00000000000002              
0.106655974338412             1.00000000000002              
0.107457898957498             1.00000000000002              
0.108259823576584             1.00000000000002              
0.10906174819567              1.00000000000003              
0.109863672814755             1.00000000000002              
0.110665597433841             1.00000000000003              
0.111467522052927             1.00000000000002              
0.112269446672013             1.00000000000003              
0.113071371291099             1.00000000000002              
0.113873295910184             1.00000000000002              
0.11467522052927              1.00000000000002              
0.115477145148356             1.00000000000002              
0.116279069767442             1.00000000000002              
0.117080994386528             1.00000000000002              
0.117882919005613             1.00000000000002              
0.118684843624699             1.00000000000002              
0.119486768243785             1.00000000000002              
0.120288692862871             1.00000000000002              
0.121090617481957             1.00000000000002              
0.121892542101043             1.00000000000002              
0.122694466720128             1.00000000000002              
0.123496391339214             1.00000000000002              
0.1242983159583               1.00000000000002              
0.125100240577386             1.00000000000002              
0.125902165196472             1.00000000000002              
0.126704089815557             1.00000000000002              
0.127506014434643             1.00000000000002              
0.128307939053729             1.00000000000002              
0.129109863672815             1.00000000000002              
0.129911788291901             1.00000000000002              
0.130713712910986             1.00000000000002              
0.131515637530072             1.00000000000002              
0.132317562149158             1.00000000000002              
0.133119486768244             1.00000000000002              
0.13392141138733              1.00000000000002              
0.134723336006415             1.00000000000002              
0.135525260625501             1.00000000000002              
0.136327185244587             1.00000000000002              
0.137129109863673             1.00000000000002              
0.137931034482759             1.00000000000002              
0.138732959101844             1.00000000000002              
0.13953488372093              1.00000000000002              
0.140336808340016             1.00000000000002              
0.141138732959102             1.00000000000002              
0.141940657578188             1.00000000000002              
0.142742582197273             1.00000000000002              
0.143544506816359             1.00000000000002              
0.144346431435445             1.00000000000002              
0.145148356054531             1.00000000000001              
0.145950280673617             1.00000000000001              
0.146752205292702             1.00000000000001              
0.147554129911788             1.00000000000001              
0.148356054530874             1.00000000000001              
0.14915797914996              1.00000000000001              
0.149959903769046             1.00000000000001              
0.150761828388132             1.00000000000001              
0.151563753007217             1.00000000000001              
0.152365677626303             1.00000000000001              
0.153167602245389             1.00000000000001              
0.153969526864475             1.0                           
0.154771451483561             1.0                           
0.155573376102646             1.0                           
0.156375300721732             1.0                           
0.157177225340818             0.999999999999998             
0.157979149959904             0.999999999999997             
0.15878107457899              0.999999999999994             
0.159582999198075             0.999999999999992             
0.160384923817161             0.999999999999992             
0.161186848436247             0.999999999999988             
0.161988773055333             0.999999999999986             
0.162790697674419             0.999999999999983             
0.163592622293504             0.999999999999984             
0.16439454691259              0.999999999999986             
0.165196471531676             0.999999999999989             
0.165998396150762             0.999999999999989             
0.166800320769848             0.999999999999985             
0.167602245388933             0.999999999999986             
0.168404170008019             0.999999999999987             
0.169206094627105             0.999999999999983             
0.170008019246191             0.999999999999985             
0.170809943865277             0.999999999999986             
0.171611868484362             0.999999999999983             
0.172413793103448             0.999999999999982             
0.173215717722534             0.999999999999982             
0.17401764234162              0.999999999999981             
0.174819566960706             0.999999999999982             
0.175621491579792             0.999999999999982             
0.176423416198877             0.999999999999981             
0.177225340817963             0.99999999999998              
0.178027265437049             0.999999999999981             
0.178829190056135             0.99999999999998              
0.179631114675221             0.999999999999978             
0.180433039294306             0.999999999999972             
0.181234963913392             0.999999999999967             
0.182036888532478             0.999999999999971             
0.182838813151564             0.999999999999969             
0.18364073777065              0.99999999999996              
0.184442662389735             0.999999999999966             
0.185244587008821             0.999999999999969             
0.186046511627907             0.999999999999972             
0.186848436246993             0.99999999999997              
0.187650360866079             0.999999999999968             
0.188452285485164             0.999999999999966             
0.18925421010425              0.999999999999968             
0.190056134723336             0.999999999999971             
0.190858059342422             0.999999999999965             
0.191659983961508             0.999999999999963             
0.192461908580593             0.99999999999996              
0.193263833199679             0.999999999999959             
0.194065757818765             0.999999999999958             
0.194867682437851             0.999999999999958             
0.195669607056937             0.999999999999958             
0.196471531676022             0.999999999999958             
0.197273456295108             0.999999999999957             
0.198075380914194             0.999999999999953             
0.19887730553328              0.999999999999952             
0.199679230152366             0.999999999999952             
0.200481154771451             0.999999999999951             
0.201283079390537             0.999999999999949             
0.202085004009623             0.999999999999952             
0.202886928628709             0.999999999999951             
0.203688853247795             0.999999999999952             
0.204490777866881             0.999999999999951             
0.205292702485966             0.999999999999951             
0.206094627105052             0.999999999999952             
0.206896551724138             0.999999999999953             
0.207698476343224             0.999999999999951             
0.20850040096231              0.999999999999952             
0.209302325581395             0.999999999999953             
0.210104250200481             0.999999999999953             
0.210906174819567             0.999999999999958             
0.211708099438653             0.999999999999958             
0.212510024057739             0.999999999999959             
0.213311948676824             0.999999999999962             
0.21411387329591              0.999999999999963             
0.214915797914996             0.999999999999965             
0.215717722534082             0.999999999999967             
0.216519647153168             0.999999999999968             
0.217321571772253             0.999999999999971             
0.218123496391339             0.999999999999974             
0.218925421010425             0.999999999999975             
0.219727345629511             0.999999999999977             
0.220529270248597             0.99999999999998              
0.221331194867682             0.999999999999982             
0.222133119486768             0.999999999999983             
0.222935044105854             0.999999999999984             
0.22373696872494              0.999999999999985             
0.224538893344026             0.999999999999987             
0.225340817963111             0.999999999999988             
0.226142742582197             0.999999999999989             
0.226944667201283             0.99999999999999              
0.227746591820369             0.99999999999999              
0.228548516439455             0.999999999999989             
0.22935044105854              0.999999999999991             
0.230152365677626             0.999999999999992             
0.230954290296712             0.999999999999994             
0.231756214915798             0.999999999999995             
0.232558139534884             0.999999999999994             
0.23336006415397              0.999999999999995             
0.234161988773055             0.999999999999994             
0.234963913392141             0.999999999999995             
0.235765838011227             0.999999999999995             
0.236567762630313             0.999999999999995             
0.237369687249399             0.999999999999994             
0.238171611868484             0.999999999999996             
0.23897353648757              0.999999999999996             
0.239775461106656             0.999999999999995             
0.240577385725742             0.999999999999994             
0.241379310344828             0.999999999999991             
0.242181234963913             0.999999999999995             
0.242983159582999             0.999999999999996             
0.243785084202085             0.999999999999997             
0.244587008821171             0.999999999999997             
0.245388933440257             0.999999999999996             
0.246190858059342             0.999999999999995             
0.246992782678428             0.999999999999995             
0.247794707297514             0.999999999999995             
0.2485966319166               0.999999999999993             
0.249398556535686             0.999999999999997             
0.250200481154771             0.999999999999999             
0.251002405773857             1.0                           
0.251804330392943             1.0                           
0.252606255012029             0.999999999999999             
0.253408179631115             0.999999999999999             
0.2542101042502               1.0                           
0.255012028869286             0.999999999999998             
0.255813953488372             0.999999999999999             
0.256615878107458             1.0                           
0.257417802726544             0.999999999999998             
0.258219727345629             0.999999999999997             
0.259021651964715             0.999999999999995             
0.259823576583801             0.999999999999994             
0.260625501202887             0.99999999999999              
0.261427425821973             0.999999999999987             
0.262229350441059             0.999999999999986             
0.263031275060144             0.999999999999982             
0.26383319967923              0.999999999999976             
0.264635124298316             0.99999999999997              
0.265437048917402             0.999999999999962             
0.266238973536488             0.999999999999958             
0.267040898155573             0.999999999999951             
0.267842822774659             0.99999999999994              
0.268644747393745             0.999999999999932             
0.269446672012831             0.999999999999923             
0.270248596631917             0.999999999999913             
0.271050521251002             0.999999999999903             
0.271852445870088             0.999999999999888             
0.272654370489174             0.999999999999875             
0.27345629510826              0.999999999999855             
0.274258219727346             0.999999999999834             
0.275060144346431             0.999999999999811             
0.275862068965517             0.999999999999785             
0.276663993584603             0.999999999999755             
0.277465918203689             0.999999999999724             
0.278267842822775             0.999999999999688             
0.27906976744186              0.999999999999647             
0.279871692060946             0.9999999999996               
0.280673616680032             0.999999999999546             
0.281475541299118             0.999999999999487             
0.282277465918204             0.99999999999942              
0.283079390537289             0.999999999999344             
0.283881315156375             0.999999999999259             
0.284683239775461             0.999999999999162             
0.285485164394547             0.999999999999054             
0.286287089013633             0.999999999998935             
0.287089013632719             0.999999999998797             
0.287890938251804             0.999999999998643             
0.28869286287089              0.999999999998471             
0.289494787489976             0.999999999998279             
0.290296712109062             0.999999999998063             
0.291098636728148             0.999999999997821             
0.291900561347233             0.999999999997551             
0.292702485966319             0.999999999997245             
0.293504410585405             0.999999999996904             
0.294306335204491             0.999999999996521             
0.295108259823577             0.999999999996094             
0.295910184442662             0.999999999995615             
0.296712109061748             0.99999999999508              
0.297514033680834             0.999999999994481             
0.29831595829992              0.999999999993812             
0.299117882919006             0.999999999993067             
0.299919807538091             0.999999999992232             
0.300721732157177             0.999999999991301             
0.301523656776263             0.999999999990263             
0.302325581395349             0.999999999989104             
0.303127506014435             0.999999999987812             
0.30392943063352              0.999999999986369             
0.304731355252606             0.999999999984761             
0.305533279871692             0.99999999998297              
0.306335204490778             0.999999999980978             
0.307137129109864             0.999999999978756             
0.307939053728949             0.999999999976286             
0.308740978348035             0.999999999973534             
0.309542902967121             0.999999999970477             
0.310344827586207             0.999999999967075             
0.311146752205293             0.999999999963295             
0.311948676824378             0.999999999959097             
0.312750601443464             0.999999999954434             
0.31355252606255              0.999999999949256             
0.314354450681636             0.999999999943512             
0.315156375300722             0.99999999993714              
0.315958299919808             0.999999999930071             
0.316760224538893             0.999999999922235             
0.317562149157979             0.999999999913551             
0.318364073777065             0.99999999990393              
0.319165998396151             0.999999999893274             
0.319967923015237             0.999999999881478             
0.320769847634322             0.999999999868416             
0.321571772253408             0.999999999853967             
0.322373696872494             0.999999999837991             
0.32317562149158              0.999999999820327             
0.323977546110666             0.999999999800809             
0.324779470729751             0.999999999779244             
0.325581395348837             0.999999999755424             
0.326383319967923             0.999999999729126             
0.327185244587009             0.9999999997001               
0.327987169206095             0.999999999668079             
0.32878909382518              0.999999999632761             
0.329591018444266             0.99999999959382              
0.330392943063352             0.999999999550898             
0.331194867682438             0.999999999503604             
0.331996792301524             0.999999999451513             
0.332798716920609             0.999999999394158             
0.333600641539695             0.99999999933102              
0.334402566158781             0.999999999261546             
0.335204490777867             0.999999999185123             
0.336006415396953             0.999999999101088             
0.336808340016038             0.999999999008714             
0.337610264635124             0.999999998907218             
0.33841218925421              0.999999998795723             
0.339214113873296             0.999999998673295             
0.340016038492382             0.999999998538899             
0.340817963111468             0.999999998391421             
0.341619887730553             0.999999998229637             
0.342421812349639             0.999999998052224             
0.343223736968725             0.999999997857733             
0.344025661587811             0.999999997644592             
0.344827586206897             0.999999997411089             
0.345629510825982             0.99999999715538              
0.346431435445068             0.999999996875456             
0.347233360064154             0.999999996569138             
0.34803528468324              0.999999996234064             
0.348837209302326             0.999999995867669             
0.349639133921411             0.999999995467144             
0.350441058540497             0.999999995029448             
0.351242983159583             0.999999994551281             
0.352044907778669             0.999999994029063             
0.352846832397755             0.999999993458915             
0.35364875701684              0.999999992836637             
0.354450681635926             0.999999992157684             
0.355252606255012             0.999999991417129             
0.356054530874098             0.999999990609647             
0.356856455493184             0.999999989729481             
0.357658380112269             0.999999988770402             
0.358460304731355             0.999999987725676             
0.359262229350441             0.999999986588028             
0.360064153969527             0.999999985349606             
0.360866078588613             0.999999984001926             
0.361668003207698             0.99999998253583              
0.362469927826784             0.999999980941435             
0.36327185244587              0.999999979208078             
0.364073777064956             0.999999977324254             
0.364875701684042             0.999999975277562             
0.365677626303128             0.999999973054627             
0.366479550922213             0.999999970641037             
0.367281475541299             0.999999968021267             
0.368083400160385             0.999999965178565             
0.368885324779471             0.999999962094884             
0.369687249398557             0.999999958750794             
0.370489174017642             0.999999955125401             
0.371291098636728             0.999999951196228             
0.372093023255814             0.999999946939171             
0.3728949478749               0.999999942328412             
0.373696872493986             0.999999937336217             
0.374498797113071             0.999999931932819             
0.375300721732157             0.999999926086283             
0.376102646351243             0.999999919762357             
0.376904570970329             0.99999991292412              
0.377706495589415             0.9999999055319               
0.3785084202085               0.999999897543143             
0.379310344827586             0.999999888912233             
0.380112269446672             0.999999879590273             
0.380914194065758             0.9999998695249               
0.381716118684844             0.999999858660095             
0.382518043303929             0.999999846935961             
0.383319967923015             0.999999834288437             
0.384121892542101             0.999999820649053             
0.384923817161187             0.999999805944939             
0.385725741780273             0.999999790098313             
0.386527666399358             0.99999977302614              
0.387329591018444             0.999999754639772             
0.38813151563753              0.999999734844539             
0.388933440256616             0.999999713539465             
0.389735364875702             0.999999690614275             
0.390537289494787             0.999999665948786             
0.391339214113873             0.999999639414475             
0.392141138732959             0.999999610873948             
0.392943063352045             0.999999580180267             
0.393744987971131             0.999999547176268             
0.394546912590217             0.999999511701278             
0.395348837209302             0.999999473584255             
0.396150761828388             0.999999432642595             
0.396952686447474             0.999999388681217             
0.39775461106656              0.999999341492349             
0.398556535685646             0.999999290855719             
0.399358460304731             0.999999236537182             
0.400160384923817             0.999999178287707             
0.400962309542903             0.99999911584254              
0.401764234161989             0.999999048920424             
0.402566158781075             0.999998977222799             
0.40336808340016              0.99999890043232              
0.404170008019246             0.999998818209943             
0.404971932638332             0.999998730195691             
0.405773857257418             0.999998636007487             
0.406575781876504             0.999998535239914             
0.407377706495589             0.999998427464859             
0.408179631114675             0.999998312230323             
0.408981555733761             0.999998189057366             
0.409783480352847             0.999998057438678             
0.410585404971933             0.999997916837762             
0.411387329591018             0.999997766688761             
0.412189254210104             0.999997606393021             
0.41299117882919              0.999997435317394             
0.413793103448276             0.999997252792576             
0.414595028067362             0.999997058112168             
0.415396952686447             0.999996850529854             
0.416198877305533             0.999996629253175             
0.417000801924619             0.999996393442683             
0.417802726543705             0.999996142212032             
0.418604651162791             0.999995874626061             
0.419406575781877             0.999995589697831             
0.420208500400962             0.999995286386298             
0.421010425020048             0.999994963594815             
0.421812349639134             0.999994620167092             
0.42261427425822              0.999994254884319             
0.423416198877306             0.999993866462047             
0.424218123496391             0.999993453547147             
0.425020048115477             0.999993014714553             
0.425821972734563             0.999992548465968             
0.426623897353649             0.999992053225442             
0.427425821972735             0.999991527334835             
0.42822774659182              0.999990969050133             
0.429029671210906             0.999990376538703             
0.429831595829992             0.999989747874083             
0.430633520449078             0.999989081031747             
0.431435445068164             0.999988373883713             
0.432237369687249             0.999987624193543             
0.433039294306335             0.99998682961285              
0.433841218925421             0.999985987676387             
0.434643143544507             0.999985095801704             
0.435445068163593             0.999984151283508             
0.436246992782678             0.999983151284727             
0.437048917401764             0.999982092830945             
0.43785084202085              0.999980972804639             
0.438652766639936             0.999979787957205             
0.439454691259022             0.999978534887909             
0.440256615878107             0.999977210036465             
0.441058540497193             0.999975809674105             
0.441860465116279             0.999974329894998             
0.442662389735365             0.999972766613304             
0.443464314354451             0.999971115556112             
0.444266238973536             0.999969372260575             
0.445068163592622             0.999967532063377             
0.445870088211708             0.9999655900921               
0.446672012830794             0.999963541261795             
0.44747393744988              0.999961380263984             
0.448275862068966             0.999959101557109             
0.449077786688051             0.999956699358545             
0.449879711307137             0.999954167635409             
0.450681635926223             0.999951500084653             
0.451483560545309             0.999948690085323             
0.452285485164395             0.999945730732738             
0.45308740978348              0.99994261483794              
0.453889334402566             0.999939334914363             
0.454691259021652             0.999935883161382             
0.455493183640738             0.999932251453252             
0.456295108259824             0.999928431357132             
0.457097032878909             0.999924414152767             
0.457898957497995             0.999920190767421             
0.458700882117081             0.999915751764297             
0.459502806736167             0.999911087315902             
0.460304731355253             0.99990618719692              
0.461106655974338             0.999901040779541             
0.461908580593424             0.999895637020595             
0.46271050521251              0.999889964466586             
0.463512429831596             0.999884011225011             
0.464314354450682             0.999877764949182             
0.465116279069767             0.999871212826049             
0.465918203688853             0.999864341585918             
0.466720128307939             0.999857137464146             
0.467522052927025             0.999849586186409             
0.468323977546111             0.999841672956741             
0.469125902165196             0.999833382444355             
0.469927826784282             0.999824698763672             
0.470729751403368             0.999815605458617             
0.471531676022454             0.999806085502583             
0.47233360064154              0.999796121274596             
0.473135525260626             0.999785694536296             
0.473937449879711             0.999774786418296             
0.474739374498797             0.999763377436233             
0.475541299117883             0.999751447440436             
0.476343223736969             0.999738975598702             
0.477145148356055             0.999725940393052             
0.47794707297514              0.999712319607422             
0.478748997594226             0.999698090292483             
0.479550922213312             0.999683228751569             
0.480352846832398             0.999667710619448             
0.481154771451484             0.999651510750044             
0.481956696070569             0.999634603198294             
0.482758620689655             0.99961696121157              
0.483560545308741             0.999598557208356             
0.484362469927827             0.999579362753767             
0.485164394546913             0.999559348379007             
0.485966319165998             0.999538483676581             
0.486768243785084             0.999516737315846             
0.48757016840417              0.999494077078836             
0.488372093023256             0.99947046978758              
0.489174017642342             0.999445881284061             
0.489975942261427             0.999420276469022             
0.490777866880513             0.999393619255682             
0.491579791499599             0.999365872522168             
0.492381716118685             0.999336998147682             
0.493183640737771             0.999306957059554             
0.493985565356856             0.999275709100396             
0.494787489975942             0.999243213008517             
0.495589414595028             0.999209426507516             
0.496391339214114             0.999174306259911             
0.4971932638332               0.999137807776329             
0.497995188452285             0.999099885256656             
0.498797113071371             0.999060491426299             
0.499599037690457             0.999019577778682             
0.500400962309543             0.998977094599008             
0.501202886928629             0.998932991512606             
0.502004811547714             0.998887216889167             
0.5028067361668               0.998839717824951             
0.503608660785886             0.998790440125175             
0.504410585404972             0.998739328633989             
0.505212510024058             0.998686327118751             
0.506014434643144             0.998631378035362             
0.506816359262229             0.998574421465535             
0.507618283881315             0.998515395886355             
0.508420208500401             0.998454238349822             
0.509222133119487             0.9983908844095               
0.510024057738573             0.998325268158667             
0.510825982357658             0.998257322212674             
0.511627906976744             0.998186977921098             
0.51242983159583              0.998114166551706             
0.513231756214916             0.998038817922693             
0.514033680834002             0.997960860389755             
0.514835605453087             0.997880220833558             
0.515637530072173             0.997796824983006             
0.516439454691259             0.997710597346261             
0.517241379310345             0.997621460951103             
0.518043303929431             0.997529335977468             
0.518845228548516             0.997434140429277             
0.519647153167602             0.997335790716951             
0.520449077786688             0.997234201823329             
0.521251002405774             0.997129287170408             
0.52205292702486              0.997020958566994             
0.522854851643946             0.996909126200252             
0.523656776263031             0.996793700225313             
0.524458700882117             0.996674590194266             
0.525260625501203             0.996551704124168             
0.526062550120289             0.996424948495267             
0.526864474739374             0.996294228304856             
0.52766639935846              0.996159447092161             
0.528468323977546             0.996020506864292             
0.529270248596632             0.995877306817393             
0.530072173215718             0.995729743351921             
0.530874097834804             0.995577711246369             
0.531676022453889             0.995421103874716             
0.532477947072975             0.995259813147852             
0.533279871692061             0.995093729372227             
0.534081796311147             0.994922741252951             
0.534883720930233             0.994746737256002             
0.535685645549318             0.994565606308523             
0.536487570168404             0.994379235870176             
0.53728949478749              0.994187511943417             
0.538091419406576             0.993990319142343             
0.538893344025662             0.99378754091903              
0.539695268644747             0.993579059315503             
0.540497193263833             0.9933647547754               
0.541299117882919             0.993144503610489             
0.542101042502005             0.992918180674201             
0.542902967121091             0.992685659376084             
0.543704891740176             0.99244681211557              
0.544506816359262             0.992201509920759             
0.545308740978348             0.991949622438552             
0.546110665597434             0.991691017952879             
0.54691259021652              0.991425569826975             
0.547714514835605             0.991153153318996             
0.548516439454691             0.990873642649462             
0.549318364073777             0.990586911028735             
0.550120288692863             0.990292828254071             
0.550922213311949             0.989991259114443             
0.551724137931034             0.989682064581414             
0.55252606255012              0.98936510104011              
0.553327987169206             0.989040225623193             
0.554129911788292             0.98870729632248              
0.554931836407378             0.988366170093865             
0.555733761026464             0.98801670337497              
0.556535685645549             0.987658754547368             
0.557337610264635             0.987292181133888             
0.558139534883721             0.986916839833304             
0.558941459502807             0.986532588740456             
0.559743384121893             0.986139285648215             
0.560545308740978             0.985736787692884             
0.561347233360064             0.98532495117545              
0.56214915797915              0.984903631610417             
0.562951082598236             0.984472683965539             
0.563753007217322             0.984031958550696             
0.564554931836407             0.983581303765562             
0.565356856455493             0.983120567471825             
0.566158781074579             0.982649599450454             
0.566960705693665             0.982168249153035             
0.567762630312751             0.981676365679493             
0.568564554931836             0.981173797825678             
0.569366479550922             0.980660397103884             
0.570168404170008             0.980136016621775             
0.570970328789094             0.979600509419116             
0.57177225340818              0.979053728520071             
0.572574178027265             0.978495527161445             
0.573376102646351             0.977925759227811             
0.574178027265437             0.977344278759352             
0.574979951884523             0.976750940005694             
0.575781876503609             0.976145597480188             
0.576583801122694             0.975528111889836             
0.57738572574178              0.974898351127655             
0.578187650360866             0.974256183680384             
0.578989574979952             0.973601478684172             
0.579791499599038             0.972934105980328             
0.580593424218123             0.972253933134347             
0.581395348837209             0.971560826699172             
0.582197273456295             0.97085465313202              
0.582999198075381             0.970135268547931             
0.583801122694467             0.969402529843453             
0.584603047313553             0.968656296561917             
0.585404971932638             0.96789643096287              
0.586206896551724             0.967122796293199             
0.58700882117081              0.96633525684043              
0.587810745789896             0.965533683066455             
0.588612670408982             0.964717949466875             
0.589414595028067             0.963887931814851             
0.590216519647153             0.963043507213509             
0.591018444266239             0.962184554934347             
0.591820368885325             0.961310955967295             
0.592622293504411             0.960422592797403             
0.593424218123496             0.959519352152375             
0.594226142742582             0.958601132865777             
0.595028067361668             0.95766783548701              
0.595829991980754             0.956719362327152             
0.59663191659984              0.955755600512303             
0.597433841218925             0.954776429016994             
0.598235765838011             0.953781730292474             
0.599037690457097             0.952771390374095             
0.599839615076183             0.951745297190059             
0.600641539695269             0.950703340612476             
0.601443464314354             0.949645420940312             
0.60224538893344              0.948571450090658             
0.603047313552526             0.947481342145575             
0.603849238171612             0.946375013394926             
0.604651162790698             0.945252382378586             
0.605453087409783             0.944113376047882             
0.606255012028869             0.942957940453854             
0.607056936647955             0.94178602400036              
0.607858861267041             0.940597577478735             
0.608660785886127             0.939392533003428             
0.609462710505213             0.938170823242795             
0.610264635124298             0.936932371544233             
0.611066559743384             0.935677102034902             
0.61186848436247              0.934404950051093             
0.612670408981556             0.933115855593914             
0.613472333600642             0.931809761344799             
0.614274258219727             0.930486617250812             
0.615076182838813             0.929146379143755             
0.615878107457899             0.927789005621608             
0.616680032076985             0.926414458490494             
0.617481956696071             0.925022703181672             
0.618283881315156             0.923613707973801             
0.619085805934242             0.92218744517045              
0.619887730553328             0.92074389611113              
0.620689655172414             0.919283045022077             
0.6214915797915               0.917804879035882             
0.622293504410585             0.916309385970381             
0.623095429029671             0.914796556463983             
0.623897353648757             0.913266385050493             
0.624699278267843             0.911718872124622             
0.625501202886929             0.910154021064586             
0.626303127506014             0.908571837224621             
0.6271050521251               0.906972328024505             
0.627906976744186             0.905355503808222             
0.628708901363272             0.903721375904778             
0.629510825982358             0.902069958716868             
0.630312750601443             0.900401262940721             
0.631114675220529             0.898715297173475             
0.631916599839615             0.897012073203721             
0.632718524458701             0.895291637168512             
0.633520449077787             0.893554042786458             
0.634322373696872             0.891799346638494             
0.635124298315958             0.890027608162928             
0.635926222935044             0.888238876475166             
0.63672814755413              0.886433175391309             
0.637530072173216             0.884610539442041             
0.638331996792302             0.882771014633792             
0.639133921411387             0.880914650109297             
0.639935846030473             0.879041498143756             
0.640737770649559             0.877151627905047             
0.641539695268645             0.875245125076383             
0.642341619887731             0.873322078093969             
0.643143544506816             0.871382578130182             
0.643945469125902             0.869426716407349             
0.644747393744988             0.867454583959371             
0.645549318364074             0.865466274593097             
0.64635124298316              0.863461877907762             
0.647153167602245             0.86144148355607              
0.647955092221331             0.859405184060392             
0.648757016840417             0.857353079915374             
0.649558941459503             0.855285274796842             
0.650360866078589             0.853201875108656             
0.651162790697674             0.851102994394065             
0.65196471531676              0.848988752617641             
0.652766639935846             0.846859272260348             
0.653568564554932             0.844714678344428             
0.654370489174018             0.842555098781135             
0.655172413793103             0.840380663908326             
0.655974338412189             0.838191506462369             
0.656776263031275             0.835987757591341             
0.657578187650361             0.833769550612468             
0.658380112269447             0.831537021234706             
0.659182036888532             0.829290310570026             
0.659983961507618             0.827029563076759             
0.660785886126704             0.824754925430552             
0.66158781074579              0.822466546491255             
0.662389735364876             0.820164601520777             
0.663191659983961             0.817849267638186             
0.663993584603047             0.815520723474871             
0.664795509222133             0.813179146331854             
0.665597433841219             0.810824702682561             
0.666399358460305             0.808457560771571             
0.667201283079391             0.80607787505483              
0.668003207698476             0.803685798904634             
0.668805132317562             0.801281495170879             
0.669607056936648             0.798865137306304             
0.670408981555734             0.796436900407686             
0.67121090617482              0.793996961175944             
0.672012830793905             0.791545503453132             
0.672814755412991             0.78908271913128              
0.673616680032077             0.786608801268148             
0.674418604651163             0.784123944047222             
0.675220529270249             0.781628341153236             
0.676022453889334             0.779122187191656             
0.67682437850842              0.776605677822195             
0.677626303127506             0.77407900895568              
0.678428227746592             0.771542377071241             
0.679230152365678             0.768995979615098             
0.680032076984763             0.766440015962065             
0.680834001603849             0.763874688345032             
0.681635926222935             0.761300199754381             
0.682437850842021             0.758716753897454             
0.683239775461107             0.756124578705827             
0.684041700080192             0.753523908756386             
0.684843624699278             0.750914978217251             
0.685645549318364             0.748298015473878             
0.68644747393745              0.745673221739514             
0.687249398556536             0.743040794186045             
0.688051323175621             0.740400929593465             
0.688853247794707             0.73775384052157              
0.689655172413793             0.735099739688017             
0.690457097032879             0.732438844216171             
0.691259021651965             0.729771373954832             
0.692060946271051             0.727097548267934             
0.692862870890136             0.724417583274198             
0.693664795509222             0.721731694939222             
0.694466720128308             0.719040096935378             
0.695268644747394             0.716343002337203             
0.696070569366479             0.713640626713516             
0.696872493985565             0.710933187593886             
0.697674418604651             0.708220902089602             
0.698476343223737             0.705503978078167             
0.699278267842823             0.702782623099316             
0.700080192461909             0.700057047563517             
0.700882117080994             0.697327466172371             
0.70168404170008              0.694594093082687             
0.702485966319166             0.691857141874333             
0.703287890938252             0.689116839761992             
0.704089815557338             0.686373418880783             
0.704891740176423             0.683627109834343             
0.705693664795509             0.680878141677473             
0.706495589414595             0.678126732095366             
0.707297514033681             0.675373096937387             
0.708099438652767             0.672617459425398             
0.708901363271852             0.6698600460874               
0.709703287890938             0.667101075170874             
0.710505212510024             0.664340749053698             
0.71130713712911              0.661579269252836             
0.712109061748196             0.658816841218594             
0.712910986367281             0.65605367333276              
0.713712910986367             0.653289969422763             
0.714514835605453             0.650525925831235             
0.715316760224539             0.647761738907027             
0.716118684843625             0.644997611607323             
0.716920609462711             0.642233745495742             
0.717722534081796             0.639470340723723             
0.718524458700882             0.636707598099756             
0.719326383319968             0.633945718978874             
0.720128307939054             0.631184903039091             
0.720930232558139             0.628425348268937             
0.721732157177225             0.625667252367372             
0.722534081796311             0.622910811556944             
0.723336006415397             0.620156220243779             
0.724137931034483             0.617403671008599             
0.724939855653569             0.614653365222773             
0.725741780272654             0.611905502226153             
0.72654370489174              0.609160278870654             
0.727345629510826             0.606417889304526             
0.728147554129912             0.603678518688617             
0.728949478748998             0.600942350140131             
0.729751403368083             0.598209567775071             
0.730553327987169             0.59548035622602              
0.731355252606255             0.592754897710339             
0.732157177225341             0.590033366850436             
0.732959101844427             0.587315936065377             
0.733761026463512             0.584602771721702             
0.734562951082598             0.581894038253496             
0.735364875701684             0.579189903539892             
0.73616680032077              0.576490533682019             
0.736968724939856             0.573796092620956             
0.737770649558941             0.571106746249919             
0.738572574178027             0.568422658281588             
0.739374498797113             0.565743989963363             
0.740176423416199             0.563070898669151             
0.740978348035285             0.560403539279013             
0.741780272654371             0.557742065408919             
0.742582197273456             0.555086630674806             
0.743384121892542             0.552437386129356             
0.744186046511628             0.549794478933657             
0.744987971130714             0.547158053194892             
0.745789895749799             0.544528250773966             
0.746591820368885             0.541905211288786             
0.747393744987971             0.53928907217478              
0.748195669607057             0.536679968848901             
0.748997594226143             0.534078034372316             
0.749799518845229             0.531483397852044             
0.750601443464314             0.528896186266808             
0.7514033680834               0.526316525992105             
0.752205292702486             0.523744541758361             
0.753007217321572             0.52118035596637              
0.753809141940658             0.518624090134515             
0.754611066559743             0.516075863932751             
0.755412991178829             0.513535794503502             
0.756214915797915             0.511003996000519             
0.757016840417001             0.508480579897807             
0.757818765036087             0.505965655466892             
0.758620689655172             0.50345933275115              
0.759422614274258             0.50096171896025              
0.760224538893344             0.498472916379272             
0.76102646351243              0.495993022251455             
0.761828388131516             0.493522132079446             
0.762630312750601             0.491060341605861             
0.763432237369687             0.488607744332637             
0.764234161988773             0.486164431623257             
0.765036086607859             0.483730493301101             
0.765838011226945             0.481306016774886             
0.766639935846031             0.478891087049753             
0.767441860465116             0.476485786658673             
0.768243785084202             0.474090195912433             
0.769045709703288             0.471704392999089             
0.769847634322374             0.469328453861677             
0.770649558941459             0.466962452171271             
0.771451483560545             0.464606459386925             
0.772253408179631             0.462260544792302             
0.773055332798717             0.459924775380989             
0.773857257417803             0.457599215956203             
0.774659182036889             0.455283929382365             
0.775461106655974             0.452978977440929             
0.77626303127506              0.450684429182307             
0.777064955894146             0.448400356378838             
0.777866880513232             0.446126837219894             
0.778668805132318             0.443863944571427             
0.779470729751403             0.441611737641727             
0.780272654370489             0.439370273464739             
0.781074578989575             0.437139606543753             
0.781876503608661             0.434919789588117             
0.782678428227747             0.432710873824274             
0.783480352846832             0.430512908805258             
0.784282277465918             0.428325942541092             
0.785084202085004             0.426150021456439             
0.78588612670409              0.42398518977009              
0.786688051323176             0.421831489289927             
0.787489975942261             0.419688960123285             
0.788291900561347             0.417557639061412             
0.789093825180433             0.415437560728522             
0.789895749799519             0.41332875802004              
0.790697674418605             0.411231262244148             
0.79149959903769              0.409145103024275             
0.792301523656776             0.407070306985122             
0.793103448275862             0.40500689904666              
0.793905372894948             0.402954905208596             
0.794707297514034             0.400914350758901             
0.795509222133119             0.398885260330802             
0.796311146752205             0.396867654279982             
0.797113071371291             0.394861549320676             
0.797914995990377             0.392866960631854             
0.798716920609463             0.390883898119194             
0.799518845228549             0.388912368900674             
0.800320769847634             0.386952378555903             
0.80112269446672              0.385003930331704             
0.801924619085806             0.383067025886921             
0.802726543704892             0.381141663036386             
0.803528468323978             0.379227837802644             
0.804330392943063             0.37732555637699              
0.805132317562149             0.37543482830163              
0.805934242181235             0.373555665232167             
0.806736166800321             0.371688282615282             
0.807538091419407             0.369832931746966             
0.808340016038492             0.367989804660983             
0.809141940657578             0.366158952185567             
0.809943865276664             0.364340396112954             
0.81074578989575              0.362534133180036             
0.811547714514836             0.360740155497355             
0.812349639133921             0.358958450782527             
0.813151563753007             0.357189001543962             
0.813953488372093             0.35543178835467              
0.814755412991179             0.353686784108658             
0.815557337610265             0.351953960503641             
0.81635926222935              0.35023330342631              
0.817161186848436             0.348524798523447             
0.817963111467522             0.3468284315547               
0.818765036086608             0.345144186438892             
0.819566960705694             0.343472040048543             
0.820368885324779             0.341811968137293             
0.821170809943865             0.340163943701832             
0.821972734562951             0.338527935713402             
0.822774659182037             0.336903912167256             
0.823576583801123             0.335291839907936             
0.824378508420208             0.333691672684357             
0.825180433039294             0.332103363551871             
0.82598235765838              0.330526864902584             
0.826784282277466             0.328962131574257             
0.827586206896552             0.327409119868604             
0.828388131515638             0.325867784699919             
0.829190056134723             0.324338079998212             
0.829991980753809             0.322819961372061             
0.830793905372895             0.321313384550926             
0.831595829991981             0.319818303138455             
0.832397754611067             0.31833466982408              
0.833199679230152             0.316862436234541             
0.834001603849238             0.31540155438854              
0.834803528468324             0.31395197744172              
0.83560545308741              0.312513656111525             
0.836407377706496             0.31108653560587              
0.837209302325581             0.309670560804853             
0.838011226944667             0.308265670725659             
0.838813151563753             0.306871797642553             
0.839615076182839             0.305488873881035             
0.840417000801925             0.30411683381244              
0.84121892542101              0.302755613301774             
0.842020850040096             0.301405150201928             
0.842822774659182             0.300065382599116             
0.843624699278268             0.298736248334458             
0.844426623897354             0.297417685091867             
0.845228548516439             0.296109634298713             
0.846030473135525             0.294812043422536             
0.846832397754611             0.293524858756094             
0.847634322373697             0.292248019335932             
0.848436246992783             0.290981459005011             
0.849238171611868             0.289725111740706             
0.850040096230954             0.288478900764387             
0.85084202085004              0.287242746839554             
0.851643945469126             0.28601657135356              
0.852445870088212             0.284800308133016             
0.853247794707298             0.283593890533482             
0.854049719326383             0.282397250339171             
0.854851643945469             0.281210316055635             
0.855653568564555             0.280033016600933             
0.856455493183641             0.278865281307464             
0.857257417802727             0.27770703546902              
0.858059342421812             0.276558201029099             
0.858861267040898             0.27541871209143              
0.859663191659984             0.274288506203282             
0.86046511627907              0.273167525179365             
0.861267040898156             0.2720557071046               
0.862068965517241             0.270952978982124             
0.862870890136327             0.269859268400245             
0.863672814755413             0.268774499555667             
0.864474739374499             0.267698591952142             
0.865276663993585             0.266631466034791             
0.86607858861267              0.265573043933654             
0.866880513231756             0.264523249022677             
0.867682437850842             0.263482008047946             
0.868484362469928             0.262449249652545             
0.869286287089014             0.261424911104868             
0.870088211708099             0.260408927505047             
0.870890136327185             0.259401229826485             
0.871692060946271             0.25840174100745              
0.872493985565357             0.257410384950236             
0.873295910184443             0.256427081576836             
0.874097834803528             0.255451750678513             
0.874899759422614             0.254484314905518             
0.8757016840417               0.253524703286334             
0.876503608660786             0.25257284126387              
0.877305533279872             0.251628652190181             
0.878107457898957             0.25069206464481              
0.878909382518043             0.249763012230196             
0.879711307137129             0.248841425327975             
0.880513231756215             0.247927236508729             
0.881315156375301             0.247020382639626             
0.882117080994387             0.246120796130172             
0.882919005613472             0.245228403061668             
0.883720930232558             0.244343125381847             
0.884522854851644             0.243464888977579             
0.88532477947073              0.242593624387713             
0.886126704089816             0.241729264249613             
0.886928628708901             0.24087174469921              
0.887730553327987             0.240020997459002             
0.888532477947073             0.239176955891242             
0.889334402566159             0.238339553295667             
0.890136327185245             0.237508722416314             
0.89093825180433              0.236684387419236             
0.891740176423416             0.235866469938924             
0.892542101042502             0.235054900740359             
0.893344025661588             0.234249614134785             
0.894145950280674             0.233450543922653             
0.894947874899759             0.232657627031001             
0.895749799518845             0.23187080310629              
0.896551724137931             0.231090008597315             
0.897353648757017             0.230315175700138             
0.898155573376103             0.22954623457297              
0.898957497995188             0.228783118238743             
0.899759422614274             0.228025761676729             
0.90056134723336              0.227274099108059             
0.901363271852446             0.226528066613523             
0.902165196471532             0.225787602112618             
0.902967121090617             0.225052644375895             
0.903769045709703             0.224323128441952             
0.904570970328789             0.22359898672172              
0.905372894947875             0.222880155183869             
0.906174819566961             0.222166579146959             
0.906976744186046             0.221458199950335             
0.907778668805132             0.220754957047388             
0.908580593424218             0.220056788909626             
0.909382518043304             0.219363632154884             
0.91018444266239              0.218675424552486             
0.910986367281476             0.217992106252939             
0.911788291900561             0.217313620201601             
0.912590216519647             0.216639909683608             
0.913392141138733             0.215970917314124             
0.914194065757819             0.215306586723256             
0.914995990376905             0.214646864293022             
0.91579791499599              0.213991695183622             
0.916599839615076             0.213341014553751             
0.917401764234162             0.212694771928012             
0.918203688853248             0.2120529177539               
0.919005613472334             0.211415396990068             
0.919807538091419             0.210782156125924             
0.920609462710505             0.210153144314899             
0.921411387329591             0.209528307393742             
0.922213311948677             0.208907588353718             
0.923015236567763             0.208290931987147             
0.923817161186848             0.207678287963528             
0.924619085805934             0.207069607623564             
0.92542101042502              0.206464841133076             
0.926222935044106             0.205863939507779             
0.927024859663192             0.205266853073678             
0.927826784282277             0.204673530990332             
0.928628708901363             0.20408392300156              
0.929430633520449             0.203497981682393             
0.930232558139535             0.202915662709483             
0.931034482758621             0.202336920681331             
0.931836407377706             0.201761711373331             
0.932638331996792             0.201189987073328             
0.933440256615878             0.200621698271018             
0.934242181234964             0.20005680034479              
0.93504410585405              0.199495250946495             
0.935846030473136             0.198937006825086             
0.936647955092221             0.198382025610281             
0.937449879711307             0.197830268323733             
0.938251804330393             0.197281692787671             
0.939053728949479             0.19673625594985              
0.939855653568564             0.196193915980653             
0.94065757818765              0.195654631675023             
0.941459502806736             0.195118361780605             
0.942261427425822             0.194585068217708             
0.943063352044908             0.194054714369957             
0.943865276663994             0.193527259125238             
0.944667201283079             0.193002664369562             
0.945469125902165             0.192480893650193             
0.946271050521251             0.191961911668284             
0.947072975140337             0.191445679321696             
0.947874899759423             0.190932161685333             
0.948676824378508             0.190421324295044             
0.949478748997594             0.189913129371066             
0.95028067361668              0.189407542325091             
0.951082598235766             0.188904526542461             
0.951884522854852             0.188404050757383             
0.952686447473937             0.187906081983127             
0.953488372093023             0.187410586814786             
0.954290296712109             0.186917532152528             
0.955092221331195             0.18642688444868              
0.955894145950281             0.185938614398928             
0.956696070569366             0.185452693665963             
0.957497995188452             0.184969091791053             
0.958299919807538             0.184487779176752             
0.959101844426624             0.184008729511146             
0.95990376904571              0.18353191809091              
0.960705693664796             0.183057321965766             
0.961507618283881             0.182584920854647             
0.962309542902967             0.182114695443357             
0.963111467522053             0.181646628367316             
0.963913392141139             0.181180703945625             
0.964715316760224             0.180716908045401             
0.96551724137931              0.180255227917825             
0.966319165998396             0.179795651939523             
0.967121090617482             0.179338169261583             
0.967923015236568             0.178882769625576             
0.968724939855654             0.178429442511457             
0.969526864474739             0.177978176677884             
0.970328789093825             0.17752895919827              
0.971130713712911             0.177081775484131             
0.971932638331997             0.176636608793189             
0.972734562951083             0.176193439386                
0.973536487570168             0.175752243059319             
0.974338412189254             0.17531299421917              
0.97514033680834              0.174875664297727             
0.975942261427426             0.174440223913364             
0.976744186046512             0.174006641916259             
0.977546110665597             0.173574886961717             
0.978348035284683             0.173144928824062             
0.979149959903769             0.172716734425526             
0.979951884522855             0.172290273994543             
0.980753809141941             0.171865517029771             
0.981555733761026             0.171442434031108             
0.982357658380112             0.17102099609707              
0.983159582999198             0.170601174379628             
0.983961507618284             0.170182942112404             
0.98476343223737              0.169766272346197             
0.985565356856456             0.169351139808735             
0.986367281475541             0.168937519517037             
0.987169206094627             0.168525387672304             
0.987971130713713             0.168114721788881             
0.988773055332799             0.167705499783424             
0.989574979951884             0.167297700446811             
0.99037690457097              0.166891303938755             
0.991178829190056             0.166486291824594             
0.991980753809142             0.166082646684631             
0.992782678428228             0.16568035262771              
0.993584603047314             0.16527939471237              
0.994386527666399             0.164879759449235             
0.995188452285485             0.164481434740217             
0.995990376904571             0.164084412878498             
0.996792301523657             0.163688686946473             
0.997594226142743             0.163294245542072             
0.998396150761828             0.162901077595226             
0.999198075380914             0.162509173811617             
1.0                           0.162118527008515             
